0.000000000000000000e+00 0.000000000000000000e+00
1.000000000000000056e-01 1.252120006064693855e-02
2.000000000000000111e-01 1.416382817171097860e-02
3.000000000000000444e-01 1.943542696038117606e-02
4.000000000000000222e-01 3.246741608941853402e-02
5.000000000000000000e-01 1.839115602139791000e-02
6.000000000000000888e-01 1.370121224197804431e-02
7.000000000000000666e-01 6.602291782385216225e-03
8.000000000000000444e-01 5.955157063377742276e-03
9.000000000000000222e-01 3.167157866309685751e-03
1.000000000000000000e+00 4.138335211189011521e-03
1.100000000000000089e+00 3.582027520772906350e-03
1.200000000000000178e+00 4.674681891474128000e-03
1.300000000000000044e+00 3.958756924908038953e-03
1.400000000000000133e+00 1.089713405842774067e-03
1.500000000000000000e+00 3.265659404915998701e-04
1.600000000000000089e+00 8.366742485184430539e-04
1.700000000000000178e+00 4.373968177833024995e-04
1.800000000000000044e+00 4.530621999254743487e-04
1.900000000000000133e+00 4.741885853900579414e-04
2.000000000000000000e+00 4.483246312710982735e-04
2.100000000000000089e+00 2.815753625523592825e-04
2.200000000000000178e+00 8.356021787243036265e-05
2.300000000000000266e+00 8.887656537865424743e-05
2.400000000000000355e+00 1.830570399618829027e-04
2.500000000000000000e+00 6.994576346828469497e-05
2.600000000000000089e+00 1.612388003937519445e-04
2.700000000000000178e+00 1.822366702210932591e-04
2.800000000000000266e+00 1.750347017574422953e-04
2.900000000000000355e+00 4.891803430495331590e-05
3.000000000000000000e+00 2.401187662122138754e-05
3.100000000000000089e+00 6.222934252684919978e-05
3.200000000000000178e+00 2.924684000755559352e-05
3.300000000000000266e+00 2.071017671720446832e-06
3.400000000000000355e+00 0.000000000000000000e+00
3.500000000000000000e+00 0.000000000000000000e+00
3.600000000000000089e+00 0.000000000000000000e+00
3.700000000000000178e+00 0.000000000000000000e+00
3.800000000000000266e+00 0.000000000000000000e+00
3.900000000000000355e+00 0.000000000000000000e+00
4.000000000000000000e+00 0.000000000000000000e+00
4.100000000000000533e+00 0.000000000000000000e+00
4.200000000000000178e+00 0.000000000000000000e+00
4.299999999999999822e+00 0.000000000000000000e+00
4.400000000000000355e+00 0.000000000000000000e+00
4.500000000000000000e+00 0.000000000000000000e+00
4.600000000000000533e+00 0.000000000000000000e+00
4.700000000000000178e+00 0.000000000000000000e+00
4.800000000000000711e+00 0.000000000000000000e+00
4.900000000000000355e+00 0.000000000000000000e+00
