0.000000000000000000e+00 0.000000000000000000e+00
1.000000000000000056e-01 7.603458095610763669e-03
2.000000000000000111e-01 7.719015353166955827e-03
3.000000000000000444e-01 1.774512145039913377e-02
4.000000000000000222e-01 2.593472507358088319e-02
5.000000000000000000e-01 1.356191404090771081e-02
6.000000000000000888e-01 8.668358644620366774e-03
7.000000000000000666e-01 8.929442391790319913e-03
8.000000000000000444e-01 6.822544182331005160e-03
9.000000000000000222e-01 3.766692317937980934e-03
1.000000000000000000e+00 6.521067576660690736e-03
1.100000000000000089e+00 5.661052516517787493e-03
1.200000000000000178e+00 4.077333822365120271e-03
1.300000000000000044e+00 3.913331185010835572e-03
1.400000000000000133e+00 1.266166248852050504e-03
1.500000000000000000e+00 3.048863758047885820e-04
1.600000000000000089e+00 1.917125945070051994e-04
1.700000000000000178e+00 8.162059817541647490e-05
1.800000000000000044e+00 4.412426706781947313e-04
1.900000000000000133e+00 5.704982615248657945e-04
2.000000000000000000e+00 5.248550846024033862e-04
2.100000000000000089e+00 2.303758226305640936e-04
2.200000000000000178e+00 1.594812055209203234e-04
2.300000000000000266e+00 4.953116534999364717e-04
2.400000000000000355e+00 1.501929364891478082e-03
2.500000000000000000e+00 3.205229400628293430e-04
2.600000000000000089e+00 1.135816179730130514e-03
2.700000000000000178e+00 5.571495018473499733e-04
2.800000000000000266e+00 1.139529336424324182e-03
2.900000000000000355e+00 9.414482573338892263e-04
3.000000000000000000e+00 4.214327393804096129e-04
3.100000000000000089e+00 3.139220328441969334e-04
3.200000000000000178e+00 6.242381273873133128e-05
3.300000000000000266e+00 3.314245384661349620e-06
3.400000000000000355e+00 0.000000000000000000e+00
3.500000000000000000e+00 0.000000000000000000e+00
3.600000000000000089e+00 0.000000000000000000e+00
3.700000000000000178e+00 0.000000000000000000e+00
3.800000000000000266e+00 0.000000000000000000e+00
3.900000000000000355e+00 0.000000000000000000e+00
4.000000000000000000e+00 0.000000000000000000e+00
4.100000000000000533e+00 0.000000000000000000e+00
4.200000000000000178e+00 0.000000000000000000e+00
4.299999999999999822e+00 0.000000000000000000e+00
4.400000000000000355e+00 0.000000000000000000e+00
4.500000000000000000e+00 0.000000000000000000e+00
4.600000000000000533e+00 0.000000000000000000e+00
4.700000000000000178e+00 0.000000000000000000e+00
4.800000000000000711e+00 0.000000000000000000e+00
4.900000000000000355e+00 0.000000000000000000e+00
