0.000000000000000000e+00 0.000000000000000000e+00
1.000000000000000056e-01 1.424730815606475886e-04
2.000000000000000111e-01 1.505782033993895153e-04
3.000000000000000444e-01 5.833928648908612551e-04
4.000000000000000222e-01 9.784479451755872300e-04
5.000000000000000000e-01 1.789659310992708884e-03
6.000000000000000888e-01 3.327842428675530095e-03
7.000000000000000666e-01 1.049087820638703455e-02
8.000000000000000444e-01 5.129102054520412457e-03
9.000000000000000222e-01 1.010155259838340855e-02
1.000000000000000000e+00 1.281178092432813838e-02
1.100000000000000089e+00 8.927144005696212303e-03
1.200000000000000178e+00 8.323738172840286151e-03
1.300000000000000044e+00 4.633476706617126878e-03
1.400000000000000133e+00 1.409022242507582817e-03
1.500000000000000000e+00 6.384866836214699373e-04
1.600000000000000089e+00 1.444802938434202764e-03
1.700000000000000178e+00 3.200433277548468940e-03
1.800000000000000044e+00 3.691443483447852045e-03
1.900000000000000133e+00 1.756154390084149449e-03
2.000000000000000000e+00 5.273951124524334884e-04
2.100000000000000089e+00 2.640575059369242418e-04
2.200000000000000178e+00 9.788668018899436205e-03
2.300000000000000266e+00 5.050374580987409059e-03
2.400000000000000355e+00 6.018236406201388222e-03
2.500000000000000000e+00 2.759389680908509376e-03
2.600000000000000089e+00 5.582442250360804097e-03
2.700000000000000178e+00 1.994799552944696332e-03
2.800000000000000266e+00 1.852503764883767137e-03
2.900000000000000355e+00 1.459211157953958912e-03
3.000000000000000000e+00 1.806862128193177002e-03
3.100000000000000089e+00 2.227075283605337366e-03
3.200000000000000178e+00 1.934737942221962954e-03
3.300000000000000266e+00 4.220013758517979002e-04
3.400000000000000355e+00 0.000000000000000000e+00
3.500000000000000000e+00 0.000000000000000000e+00
3.600000000000000089e+00 0.000000000000000000e+00
3.700000000000000178e+00 0.000000000000000000e+00
3.800000000000000266e+00 0.000000000000000000e+00
3.900000000000000355e+00 0.000000000000000000e+00
4.000000000000000000e+00 0.000000000000000000e+00
4.100000000000000533e+00 0.000000000000000000e+00
4.200000000000000178e+00 0.000000000000000000e+00
4.299999999999999822e+00 0.000000000000000000e+00
4.400000000000000355e+00 0.000000000000000000e+00
4.500000000000000000e+00 0.000000000000000000e+00
4.600000000000000533e+00 0.000000000000000000e+00
4.700000000000000178e+00 0.000000000000000000e+00
4.800000000000000711e+00 0.000000000000000000e+00
4.900000000000000355e+00 0.000000000000000000e+00
