0.000000000000000000e+00 0.000000000000000000e+00
1.000000000000000056e-01 1.280080659901762800e-04
2.000000000000000111e-01 1.458699378960997281e-04
3.000000000000000444e-01 1.043259428171187247e-03
4.000000000000000222e-01 9.857154121360298029e-04
5.000000000000000000e-01 1.754784527064581334e-03
6.000000000000000888e-01 3.260428999900622047e-03
7.000000000000000666e-01 7.359871546067956079e-03
8.000000000000000444e-01 4.996761139396024842e-03
9.000000000000000222e-01 9.953635045270253431e-03
1.000000000000000000e+00 1.156837324891547662e-02
1.100000000000000089e+00 8.365440055916538789e-03
1.200000000000000178e+00 6.849995410171606097e-03
1.300000000000000044e+00 3.492760073733237967e-03
1.400000000000000133e+00 1.060415620350458384e-03
1.500000000000000000e+00 5.639208985576320363e-04
1.600000000000000089e+00 1.229343249797847050e-03
1.700000000000000178e+00 2.817318861189262776e-03
1.800000000000000044e+00 2.205257860017886731e-03
1.900000000000000133e+00 1.172321148588444106e-03
2.000000000000000000e+00 3.565388802809472501e-04
2.100000000000000089e+00 1.401814818982109159e-04
2.200000000000000178e+00 8.055242890952002063e-03
2.300000000000000266e+00 3.985150713063509084e-03
2.400000000000000355e+00 4.569861389404634988e-03
2.500000000000000000e+00 1.786063612424801687e-03
2.600000000000000089e+00 3.481038847473008103e-03
2.700000000000000178e+00 1.130051044232223759e-03
2.800000000000000266e+00 1.391705861051824701e-03
2.900000000000000355e+00 1.589112555339402448e-03
3.000000000000000000e+00 2.572958056480104203e-03
3.100000000000000089e+00 3.811541349367193916e-03
3.200000000000000178e+00 3.339194961944018120e-03
3.300000000000000266e+00 6.763060769780850382e-04
3.400000000000000355e+00 0.000000000000000000e+00
3.500000000000000000e+00 0.000000000000000000e+00
3.600000000000000089e+00 0.000000000000000000e+00
3.700000000000000178e+00 0.000000000000000000e+00
3.800000000000000266e+00 0.000000000000000000e+00
3.900000000000000355e+00 0.000000000000000000e+00
4.000000000000000000e+00 0.000000000000000000e+00
4.100000000000000533e+00 0.000000000000000000e+00
4.200000000000000178e+00 0.000000000000000000e+00
4.299999999999999822e+00 0.000000000000000000e+00
4.400000000000000355e+00 0.000000000000000000e+00
4.500000000000000000e+00 0.000000000000000000e+00
4.600000000000000533e+00 0.000000000000000000e+00
4.700000000000000178e+00 0.000000000000000000e+00
4.800000000000000711e+00 0.000000000000000000e+00
4.900000000000000355e+00 0.000000000000000000e+00
