#T(K)	Conductivity (W/K-m)	error
345.14905	0.25221	0.16665
339.52777	0.24967	0.15295
333.69942	0.25071	0.14407
327.77584	0.24684	0.13724
321.79298	0.24715	0.13027
315.77907	0.25317	0.1226
309.74122	0.25189	0.11694
303.67395	0.2603	0.10947
297.59294	0.26553	0.10297
291.49987	0.27051	0.09676
285.40168	0.277	0.09085
279.30746	0.28382	0.08539
273.21307	0.29049	0.0798
267.10737	0.29754	0.07482
261.0153	0.30605	0.06998
254.79846	0.3171	0.06534
248.7968	0.32246	0.06179
242.74238	0.33263	0.05752
236.66682	0.34204	0.0536
230.57711	0.35097	0.04989
224.48157	0.3615	0.04656
218.3768	0.37187	0.04295
212.73723	0.45474	0.05502
206.88095	0.42391	0.04687
200.71713	0.43256	0.04216
194.56703	0.44578	0.03893
188.41772	0.45985	0.03577
182.26574	0.47564	0.03271
176.12142	0.48813	0.02993
169.97679	0.50212	0.02729
163.8453	0.51328	0.02498
157.71995	0.52091	0.02254
151.59674	0.522	0.02014
145.45815	0.5284	0.01809
139.32488	0.53311	0.01607
133.18328	0.53923	0.01429
127.02671	0.54473	0.01254
120.84967	0.55396	0.01099
114.6641	0.56044	0.00949
108.47714	0.57512	0.00825
102.28509	0.59237	0.00716
96.09235	0.61393	0.00614
89.90198	0.63795	0.00521
83.71345	0.66308	0.00435
77.51865	0.6939	0.00359
71.3308	0.72985	0.00295
65.14168	0.7717	0.00235
58.94798	0.82965	0.00185
53.53381	0.90717	0.00151
48.89729	0.97487	0.00123
44.72319	1.06008	0.00102
41.32368	1.14479	8.70E-04
38.23312	1.22815	7.43E-04
35.36233	1.33617	6.41E-04
32.88007	1.43934	5.61E-04
30.79471	1.55543	5.02E-04
29.02214	1.66342	4.53E-04
27.46236	1.77564	4.15E-04
26.12562	1.8922	3.87E-04
24.95639	1.9954	3.59E-04
23.91635	2.10308	3.39E-04
22.99678	2.22011	3.22E-04
22.19531	2.31567	3.07E-04
21.49239	2.42673	2.96E-04
20.88057	2.54188	2.88E-04
20.33512	2.63505	2.82E-04
19.84463	2.71638	2.72E-04
19.4008	2.82408	2.68E-04
18.99535	2.8965	2.61E-04
18.62466	3.00242	2.59E-04
18.28675	3.10854	2.55E-04
17.97762	3.20901	2.51E-04
17.69072	3.26657	2.45E-04
17.42508	3.36296	2.45E-04
17.17565	3.41139	2.39E-04
16.94306	3.53302	2.39E-04
16.7208	3.68773	2.42E-04
16.51053	3.78744	2.39E-04
16.31482	3.88698	2.36E-04
16.12852	3.96186	2.33E-04
15.95475	4.04811	2.30E-04
15.78956	4.08356	2.27E-04
15.62959	4.17597	2.24E-04
15.47284	4.26768	2.25E-04
15.30938	4.37279	2.24E-04
15.15598	4.41283	2.23E-04
15.00262	4.43613	2.23E-04
14.84608	4.47056	2.20E-04
14.68962	4.48514	2.18E-04
14.53625	4.4212	2.12E-04
14.38095	4.45442	2.11E-04
14.22401	4.63076	2.14E-04
14.07072	4.73255	2.18E-04
13.91379	4.6553	2.11E-04
13.75759	4.67946	2.08E-04
13.60415	4.85129	2.12E-04
13.44848	4.78335	2.07E-04
13.29175	4.86769	2.07E-04
13.13407	4.85153	2.03E-04
12.97873	4.84115	2.00E-04
12.82304	4.86478	1.98E-04
12.66653	4.91847	1.98E-04
12.51076	5.06144	2.00E-04
12.35761	5.11536	2.00E-04
12.2019	5.01883	1.93E-04
12.04583	5.23587	1.97E-04
11.89043	5.14805	1.91E-04
11.73464	5.19118	1.90E-04
11.57958	5.34661	1.92E-04
11.4256	5.32208	1.90E-04
11.27303	5.68934	1.99E-04
11.11792	5.34501	1.84E-04
10.96256	5.43527	1.84E-04
10.80957	5.5298	1.86E-04
10.65459	5.62591	1.87E-04
10.49951	5.69788	1.85E-04
10.34687	5.71819	1.84E-04
10.19301	5.97552	1.90E-04
10.0414	5.71668	1.81E-04
9.88319	5.88542	1.82E-04
9.72743	5.70786	1.73E-04
9.55689	5.72718	1.73E-04
9.3931	5.92879	1.73E-04
9.2449	5.92278	1.73E-04
9.08016	5.74707	1.63E-04
8.92306	5.81937	1.65E-04
8.76605	5.85763	1.63E-04
8.60787	5.99777	1.64E-04
8.43666	5.59114	1.52E-04
8.26681	5.86488	1.56E-04
8.10016	5.92346	1.55E-04
7.92902	6.1283	1.62E-04
7.76467	5.76221	1.50E-04
7.59986	5.7497	1.49E-04
7.43469	5.84261	1.48E-04
7.2595	5.74821	1.53E-04
7.0579	5.66178	1.65E-04
6.97169	5.53567	1.44E-04
6.68211	5.54309	1.35E-04
6.46664	5.34419	1.29E-04
6.25072	5.27858	1.28E-04
6.03858	4.98793	1.19E-04
5.82979	4.88163	1.16E-04
5.6096	4.62815	1.08E-04
5.40073	4.51477	1.06E-04
5.17987	4.33452	9.92E-05
4.96734	4.26708	1.01E-04
4.75329	3.8242	8.93E-05
4.53029	3.62066	8.35E-05
2.9974	1.79114	4.68E-05
2.14413	0.91061	2.65E-05
2.03432	0.73029	2.20E-05
2.02924	0.69246	2.22E-05
2.02454	0.69917	2.26E-05
2.02108	0.72832	2.28E-05
2.02047	0.7013	2.20E-05
2.02064	0.6825	2.14E-05
2.02618	0.70407	2.38E-05
2.02498	0.69849	2.18E-05
2.02485	0.73647	2.38E-05
2.02473	0.70428	2.22E-05
