1.002 0.24066792683320812
1.003 0.24393657061476431
1.004 0.24719165753686878
1.005 0.25221061787631627
1.006 0.2579132997031132
1.007 0.2636803186427751
1.008 0.270604681448983
1.009 0.2773167161727337
1.01 0.28314682542068653
1.011 0.286782830535689
1.012 0.2887204746529673
1.013 0.28899230206930565
1.014 0.2881238772419572
1.015 0.28438724236834056
1.016 0.27771357184507234
1.017 0.27134253510505907
1.018 0.26489118127603467
1.019 0.2592049738454624
1.02 0.25507310596077365
1.021 0.2516591999725144
1.022 0.24966715798741487
1.023 0.24936780883981632
1.024 0.2496843075880915
1.025 0.25222240286926123
1.026 0.25672429362621674
1.027 0.26313672094597756
1.028 0.27223691480358375
1.029 0.28190541141661374
1.03 0.2917865571445428
1.031 0.30284967556364845
1.032 0.3136191476006797
1.033 0.32289734380891216
1.034 0.3276539442845627
1.035 0.32909710201615044
1.036 0.32637556243567384
1.037 0.3196959082342337
1.038 0.310210743091167
1.039 0.2989501309308215
1.04 0.28712735355550234
1.041 0.27635628298944415
1.042 0.2665923183412909
1.043 0.2578844732323657
1.044 0.25037787415269513
1.045 0.24512801676803087
1.046 0.24115295325739536
1.047 0.23817215785214646
1.048 0.23621643977704518
1.049 0.23649964956855662
1.05 0.2379057397189052
1.051 0.2391786206696035
1.052 0.24124344260329025
1.053 0.2422399865378236
1.054 0.24324256408261255
1.055 0.24487758456209424
1.056 0.2451037765852403
1.057 0.24429054525877372
1.058 0.24309033183150788
1.059 0.24082099489146586
1.06 0.23836652466558514
1.061 0.23601181889211847
1.062 0.23380667501704405
1.063 0.23038603162133336
1.064 0.2279244595743625
1.065 0.22560051321796823
1.066 0.22504439893159062
1.067 0.22581314615813103
1.068 0.226787315475623
1.069 0.22944343777546047
1.07 0.23305405118113354
1.071 0.2379233499448488
1.072 0.24406128806411928
1.073 0.25058318163362286
1.074 0.25863750442648925
1.075 0.2665123635882084
1.076 0.2735572993339226
1.077 0.2790956626319465
1.078 0.2841337365554246
1.079 0.28686189172757853
1.08 0.2870437662947288
1.081 0.28476099917101144
1.082 0.280922092616398
1.083 0.2756915164402529
1.084 0.2704201490738441
1.085 0.26454236492748395
1.086 0.25901728681952185
1.087 0.2553904620212349
1.088 0.25119517712327527
1.089 0.24658921330657596
1.09 0.2439043019999737
1.091 0.24175866472999202
1.092 0.2409839116238584
1.093 0.2394889555780976
1.094 0.24060339637416495
1.095 0.24032349655914598
1.096 0.23998425542847637
1.097 0.24182209364263735
1.098 0.24341969663305338
1.099 0.24535364336377863
1.1 0.2503981209274763
1.101 0.2542487087401239
1.102 0.2591963530008675
1.103 0.2652331689358972
1.104 0.2707060915071835
1.105 0.27390631784890646
1.106 0.2765375657926689
1.107 0.2769972476417902
1.108 0.27600500187159493
1.109 0.2746810772453655
1.11 0.27107457359678233
1.111 0.2686676462717797
1.112 0.26490198742999915
1.113 0.2608063227761329
1.114 0.257557842288298
1.115 0.2547523431226763
1.116 0.2544124510425464
1.117 0.25352621698383676
1.118 0.2536051518542552
1.119 0.25575962878946046
1.12 0.2583040560094801
1.121 0.26235415310838595
1.122 0.26786945474702284
1.123 0.2736875273860751
1.124 0.2790235199098119
1.125 0.2811658922399769
1.126 0.2811748631722017
1.127 0.27892375265755
1.128 0.27340968895188983
1.129 0.26627622302549475
1.13 0.25815572290502486
1.131 0.25067801517076665
1.132 0.2444576550223597
1.133 0.2396277517185731
1.134 0.23577880075060567
1.135 0.23284008054135835
1.136 0.23111071684336187
1.137 0.23131595279982683
1.138 0.2319564430702276
1.139 0.23331387641931933
1.14 0.23620921390330993
1.141 0.24117468652945614
1.142 0.24563476742162801
1.143 0.25024172670747835
1.144 0.2536928178915733
1.145 0.25672468594323283
1.146 0.26128223235175846
1.147 0.2652325793498355
1.148 0.2658492469510882
1.149 0.26600806312744185
1.15 0.265364348270032
1.151 0.2633705824658193
1.152 0.2602622379762719
1.153 0.25749372988587693
1.154 0.2539425347660283
1.155 0.2497528170868658
1.156 0.24608095277013542
1.157 0.24303127757532547
1.158 0.23952620295889807
1.159 0.23663386392007096
1.16 0.23334135967825778
1.161 0.23120977422271707
1.162 0.2289561259025203
1.163 0.2259513936039214
1.164 0.22532284576087336
1.165 0.22478456024432553
1.166 0.2250221262993031
1.167 0.22729211386600806
1.168 0.23002999313017194
1.169 0.23271271417845976
1.17 0.23670331971063874
1.171 0.24101735358597837
1.172 0.24274169960511963
1.173 0.2445248153964523
1.174 0.24414139207515476
1.175 0.24124368384697614
1.176 0.23631354323790277
1.177 0.23198688208914628
1.178 0.22676953968784466
1.179 0.22160009920442328
1.18 0.21731502502768538
1.181 0.21477304826899044
1.182 0.21471310655700268
1.183 0.2158084922088143
1.184 0.21870416590060104
1.185 0.22293412880971283
1.186 0.2281832486715297
1.187 0.23456879976784314
1.188 0.24358072440628795
1.189 0.25176003458120494
1.19 0.26104014926978175
1.191 0.26924894776286323
1.192 0.2757455686160284
1.193 0.2807655594224725
1.194 0.28449587775963125
1.195 0.2836265144097961
1.196 0.2817272871621347
1.197 0.2775700441475392
1.198 0.2714635939663841
1.199 0.26451262529066394
1.2 0.25864823352433347
1.201 0.25313984831188724
1.202 0.2493179973649001
1.203 0.24631376937327898
1.204 0.24559241290299702
1.205 0.2454135680890613
1.206 0.24601497873382028
1.207 0.24691349310916724
1.208 0.24894174276647674
1.209 0.25002904452265107
1.21 0.2512434241551063
1.211 0.251535425860961
1.212 0.2523608952608422
1.213 0.25247308487492703
1.214 0.25297425264894785
1.215 0.25270414789274176
1.216 0.2531089813624534
1.217 0.25342573242092853
1.218 0.2536995768055314
1.219 0.25351437487704964
1.22 0.2524439522216335
1.221 0.2528796036633768
1.222 0.25085895007194786
1.223 0.24985530390733357
1.224 0.2479686568662706
1.225 0.24656566338979927
1.226 0.2454017087750503
1.227 0.24568376440111916
1.228 0.24609290193299313
1.229 0.24725742981211649
1.23 0.24822097014415953
1.231 0.2501684458598697
1.232 0.25348138800478226
1.233 0.25735118306962546
1.234 0.26171055587759584
1.235 0.2649654247999153
1.236 0.2687023921021691
1.237 0.2720716600627771
1.238 0.274005955587448
1.239 0.2751859118249569
1.24 0.2750663436772444
1.241 0.2741216057620089
1.242 0.27250164868795285
1.243 0.269944736137447
1.244 0.2656686331874721
1.245 0.26159896493738394
1.246 0.25740652677866954
1.247 0.2548858138523835
1.248 0.25230589109480195
1.249 0.2506115522696471
1.25 0.2507754133682361
1.251 0.25316320412703414
1.252 0.2567966122774861
1.253 0.2609136480557213
1.254 0.2672182325861802
1.255 0.27366160322148736
1.256 0.2795150733720612
1.257 0.2846506982793869
1.258 0.2870017776527361
1.259 0.28842565645746665
1.26 0.2885678446113538
1.261 0.28563587531336393
1.262 0.28265488754090845
1.263 0.27999130032350605
1.264 0.27672941640658016
1.265 0.27265494568339493
1.266 0.2701954895844391
1.267 0.2672823070452661
1.268 0.26598566967952947
1.269 0.2646937637439037
1.27 0.26381163108164885
1.271 0.2637945564818891
1.272 0.2648743174193231
1.273 0.26610541215207767
1.274 0.2682629507145842
1.275 0.27038698522520116
1.276 0.27335953761318027
1.277 0.2756668918721514
1.278 0.2780397520282406
1.279 0.2809904929846958
1.28 0.28258690305182804
1.281 0.2820860733869676
1.282 0.28139343601912936
1.283 0.28103649055085284
1.284 0.2777931328817218
1.285 0.2729345143496539
1.286 0.26687949572102637
1.287 0.2595136385176623
1.288 0.2531432772563061
1.289 0.24772724064572735
1.29 0.24237571563552684
1.291 0.2379898047482036
1.292 0.23489918908032406
1.293 0.23274287361665408
1.294 0.23176853128243297
1.295 0.23270344249270597
1.296 0.2349393242171684
1.297 0.2371339385794418
1.298 0.23778279845302505
1.299 0.2387280387413785
1.3 0.24194908442775626
1.301 0.24458181628606743
1.302 0.24532469699911544
1.303 0.2453908015781978
1.304 0.24324076743721237
1.305 0.24189774215647167
1.306 0.24054350802144933
1.307 0.23942151815712853
1.308 0.23812878222441747
1.309 0.23713640417425025
1.31 0.23690338151983503
1.311 0.23721272427010906
1.312 0.2382630056881875
1.313 0.23996431656123315
1.314 0.2422394023699747
1.315 0.24491609679694826
1.316 0.24775514862144365
1.317 0.2510366313821343
1.318 0.2539831207454953
1.319 0.2582311221656479
1.32 0.2622095562767674
1.321 0.2674395458850909
1.322 0.272876293609953
1.323 0.2790449512692402
1.324 0.28475137388678495
1.325 0.289756937390219
1.326 0.29326989333141884
1.327 0.2962431814010294
1.328 0.2971516695936367
1.329 0.29704459896514285
1.33 0.2948384584135295
1.331 0.2911252912876629
1.332 0.28681764064685344
1.333 0.28194238523625254
1.334 0.2775421830993905
1.335 0.2719954197885598
1.336 0.2659538979907603
1.337 0.26094422071819506
1.338 0.2589386221394092
1.339 0.25846324193821035
1.34 0.2588546441690605
1.341 0.26272985081039163
1.342 0.26785095222131095
1.343 0.274102393488977
1.344 0.2813151381079075
1.345 0.28746384379090784
1.346 0.2939910771779613
1.347 0.2975308633897119
1.348 0.2993682293066172
1.349 0.29922635371899
1.35 0.2974781551865826
1.351 0.2959606767561507
1.352 0.2941241152268819
1.353 0.29105171829424553
1.354 0.2904063088813116
1.355 0.29053142367624873
1.356 0.2906690213275011
1.357 0.29224838944534637
1.358 0.2938535644698664
1.359 0.29535628729237695
1.36 0.29816270653335675
1.361 0.300975096280942
1.362 0.30477570269182785
1.363 0.30883558617472356
1.364 0.3122171333394518
1.365 0.3159464391966242
1.366 0.3197715071138215
1.367 0.3221592290220531
1.368 0.3229135520956636
1.369 0.3210099050489539
1.37 0.3171399580426176
1.371 0.3133902288678735
1.372 0.3070423465113359
1.373 0.29989991724255066
1.374 0.29140538712868047
1.375 0.28404172237591396
1.376 0.2754289118965598
1.377 0.26693087920954245
1.378 0.26021459329473035
1.379 0.25347675911549405
1.38 0.24825341251322644
1.381 0.2433607673359346
1.382 0.23832206842753098
1.383 0.23621538444998133
1.384 0.23566596337223555
1.385 0.23676058160635205
1.386 0.24027361023887345
1.387 0.2445485413519012
1.388 0.2514380228773651
1.389 0.2594599019489211
1.39 0.26745797495954915
1.391 0.27553027236537686
1.392 0.2822655429744418
1.393 0.28660506126984103
1.394 0.28881658608070965
1.395 0.28854065364173603
1.396 0.28810742005254253
1.397 0.28639959134174925
1.398 0.28374902864134965
1.399 0.28140775441020643
1.4 0.27918701983929983
1.401 0.2790591701094459
1.402 0.2784729117191157
1.403 0.27935899869306885
1.404 0.28059251823110565
1.405 0.2810723383500453
1.406 0.2811640924815092
1.407 0.28065145402333325
1.408 0.2806654674987585
1.409 0.27956340127034324
1.41 0.27865407658503016
1.411 0.2783924291442045
1.412 0.27742547554075536
1.413 0.2760614385762059
1.414 0.2743644914346633
1.415 0.27176960752674434
1.416 0.2688301162726187
1.417 0.26438043137437295
1.418 0.2579423831160588
1.419 0.2520991762136589
1.42 0.2461501568872415
1.421 0.23928561855871688
1.422 0.23302772217850706
1.423 0.2257754486311166
1.424 0.21993036357427528
1.425 0.2144144837092041
1.426 0.21135793456674723
1.427 0.2100647419766957
1.428 0.2104893731802357
1.429 0.21251694771473129
1.43 0.21629278450663922
1.431 0.2223844895884744
1.432 0.23010421731153452
1.433 0.23805094483471564
1.434 0.24555812966375212
1.435 0.2525017126648554
1.436 0.2576557089777225
1.437 0.26096942015784036
1.438 0.2633092548408673
1.439 0.2640939349666653
1.44 0.2658312570138423
1.441 0.2668163714176108
1.442 0.26726218755788866
1.443 0.26755163964509143
1.444 0.26713108135306773
1.445 0.2670495173532775
1.446 0.26723975279556167
1.447 0.2667982856426064
1.448 0.26743868947579147
1.449 0.2674418408095327
1.45 0.26687673657982824
1.451 0.26772377562505234
1.452 0.2695025283092121
1.453 0.27135259400587325
1.454 0.2735487166702736
1.455 0.2761005254228755
1.456 0.2779454312436135
1.457 0.2791524885746966
1.458 0.280023925043388
1.459 0.27905517012259795
1.46 0.27802477718479274
1.461 0.27450870191751486
1.462 0.2722389268652044
1.463 0.2686128448289118
1.464 0.2642244468697173
1.465 0.26096417973696007
1.466 0.25653835384479357
1.467 0.2526684657195616
1.468 0.24924800778965137
1.469 0.24638011104763533
1.47 0.2452419174086432
1.471 0.24494582660420644
1.472 0.2458607659725701
1.473 0.2475808019920625
1.474 0.2508544041069633
1.475 0.2555224286313958
1.476 0.2613294252321344
1.477 0.2670060215101423
1.478 0.272602677788763
1.479 0.27975172015281763
1.48 0.28623346407580036
1.481 0.29069689973212515
1.482 0.2949123116475768
1.483 0.2978231759436286
1.484 0.29949154843381154
1.485 0.2987224560484052
1.486 0.29663184654122354
1.487 0.2941432857906232
1.488 0.29089216622940267
1.489 0.28665427446465663
1.49 0.28197613195929777
1.491 0.276490271974186
1.492 0.2721708445895305
1.493 0.2683276460248574
1.494 0.2649759966466529
1.495 0.26158547784713587
1.496 0.25927911723090263
1.497 0.2562013458143866
1.498 0.2558333201522688
1.499 0.2567348409552106
1.5 0.2568341459202652
1.501 0.25854297797112175
1.502 0.26139842341918385
1.503 0.2642526244128459
1.504 0.2669991544628289
1.505 0.26904895307722243
1.506 0.2708083117804663
1.507 0.2721274509048841
1.508 0.2722127974727665
1.509 0.2704850512082629
1.51 0.2688336214579839
1.511 0.26624779172679996
1.512 0.2636070931433883
1.513 0.2606908136485255
1.514 0.25890872275726834
1.515 0.25718205955768325
1.516 0.25822491847388934
1.517 0.25884199062544033
1.518 0.26126049160683634
1.519 0.26387737394534105
1.52 0.2669853009493935
1.521 0.2718512039022716
1.522 0.276864144520104
1.523 0.2819153413884109
1.524 0.2880141929167536
1.525 0.2947429704415047
1.526 0.3015825850323975
1.527 0.30648024176815014
1.528 0.3105759826938842
1.529 0.31220250949867184
1.53 0.3127856045273124
1.531 0.3109552344752716
1.532 0.30742243818927767
1.533 0.304953551984764
1.534 0.29933652422507206
1.535 0.29235195790250074
1.536 0.2880581664705948
1.537 0.2819640074295673
1.538 0.276049631713926
1.539 0.27022061293360844
1.54 0.26664468391740503
1.541 0.2636963575136103
1.542 0.26082814449158215
1.543 0.2600033466272474
1.544 0.2590502568832829
1.545 0.25958631741565685
1.546 0.2595948083079429
1.547 0.2615801692658592
1.548 0.2653887086869661
1.549 0.2685386838007329
1.55 0.27203074609523403
1.551 0.27633846698642534
1.552 0.279429018925437
1.553 0.2811427614195958
1.554 0.2820238329241938
1.555 0.2829407900997654
1.556 0.2803198092132766
1.557 0.27712211841266254
1.558 0.27375571418433126
1.559 0.2703872922005629
1.56 0.26725016605611074
1.561 0.2646850872753411
1.562 0.2618746344579302
1.563 0.2613799718718549
1.564 0.2628566912649384
1.565 0.26622988453094915
1.566 0.2703942447861201
1.567 0.2769481477284689
1.568 0.2848751068264153
1.569 0.292702738467381
1.57 0.3018018144018232
1.571 0.3097848748775979
1.572 0.3155797934403465
1.573 0.318832666310396
1.574 0.3195584613013424
1.575 0.31932801147931916
1.576 0.31684923940861087
1.577 0.31168988284592997
1.578 0.3074391681940774
1.579 0.3023492382176926
1.58 0.2985675413588121
1.581 0.2952026702145862
1.582 0.2922915610375666
1.583 0.29005451091598106
1.584 0.2878781347933429
1.585 0.2860074485332626
1.586 0.2846967694061893
1.587 0.2839321334386904
1.588 0.2842481024750718
1.589 0.2847044845077947
1.59 0.2854405538005864
1.591 0.28724062761333485
1.592 0.28931066460942223
1.593 0.2912794118031135
1.594 0.2939279369892527
1.595 0.29577658604258233
1.596 0.29586276493360486
1.597 0.2969230682546657
1.598 0.2960782902067535
1.599 0.2967960061619142
1.6 0.29515488492655734
1.601 0.2950699019857727
1.602 0.2941057381634431
1.603 0.29291630729956486
1.604 0.29263319671015814
1.605 0.29224394514140595
1.606 0.2919904284570452
1.607 0.29289303541364875
1.608 0.29468595352390287
1.609 0.2970103375277328
1.61 0.2993796986667965
1.611 0.30228923613800096
1.612 0.3047423183593003
1.613 0.30703131640988707
1.614 0.31107456034360387
1.615 0.3152236131123802
1.616 0.31675624384900897
1.617 0.3180372800367609
1.618 0.318156523735256
1.619 0.3181556349054359
1.62 0.3158324727574158
1.621 0.31327661400607815
1.622 0.31162595786178043
1.623 0.3100173456254142
1.624 0.30784143680557097
1.625 0.30491373524263327
1.626 0.3022485074546682
1.627 0.2985846852218972
1.628 0.2941996239671976
1.629 0.2886416926746041
1.63 0.28209737916224337
1.631 0.2766158054416143
1.632 0.27117628037604846
1.633 0.26817437677079836
1.634 0.26637020538865736
1.635 0.26680763328630425
1.636 0.26835736345330014
1.637 0.2717056495160835
1.638 0.2760890691099657
1.639 0.2820062030692913
1.64 0.2886732255470528
1.641 0.2939437524552825
1.642 0.2993011771137278
1.643 0.3043781780152731
1.644 0.3068290182823253
1.645 0.3074338876684273
1.646 0.3064814443196352
1.647 0.30404915464806287
1.648 0.3020757473487206
1.649 0.2981378984503625
1.65 0.29520190896881715
1.651 0.2927769883008023
1.652 0.29078343045652705
1.653 0.289132442101199
1.654 0.28818258426753024
1.655 0.2891600684048409
1.656 0.2907320123920206
1.657 0.293079994997385
1.658 0.2962767628511076
1.659 0.29980491349765337
1.66 0.30289243360783563
1.661 0.30584234907369723
1.662 0.3081393374157103
1.663 0.310732601087897
1.664 0.3145419817672729
1.665 0.31762970262263085
1.666 0.31790657386519344
1.667 0.31907825484568825
1.668 0.31776355276221807
1.669 0.31495821857803075
1.67 0.31117124445368316
1.671 0.30747670316487796
1.672 0.299753987635308
1.673 0.29343939120850787
1.674 0.28709617416077576
1.675 0.28081045014957273
1.676 0.2748077196712222
1.677 0.27012104202476445
1.678 0.26653130192852387
1.679 0.26448336992517535
1.68 0.26361529450635096
1.681 0.26406202191696504
1.682 0.2667581736027443
1.683 0.2711716151304655
1.684 0.2759612173321685
1.685 0.28222532717697635
1.686 0.2887293774526293
1.687 0.2936766965141613
1.688 0.29995145576025584
1.689 0.3042323910425648
1.69 0.30758621519458335
1.691 0.3083615307288677
1.692 0.3096120500885937
1.693 0.30734140954313793
1.694 0.30497540350619645
1.695 0.3004512320359326
1.696 0.29408872249879064
1.697 0.28854453083598486
1.698 0.2830539407134846
1.699 0.2776260846682646
1.7 0.2733059908728491
1.701 0.2694778587900439
1.702 0.2668176682810216
1.703 0.2661995807262102
1.704 0.2677033172555684
1.705 0.2704438347814786
1.706 0.2734465132792475
1.707 0.2787376707543884
1.708 0.2841376973332376
1.709 0.2886198852999558
1.71 0.2924075039605601
1.711 0.2944003851868394
1.712 0.29527121690432934
1.713 0.29229667385806507
1.714 0.2868000949358958
1.715 0.28184468214650615
1.716 0.27557128557569205
1.717 0.2694789508754257
1.718 0.264404693110012
1.719 0.25919628536504924
1.72 0.25676295768759133
1.721 0.25517980840246246
1.722 0.25376072336495503
1.723 0.25558419158340534
1.724 0.25797352641330284
1.725 0.2634680315491569
1.726 0.26973582950380737
1.727 0.27635439623355723
1.728 0.2836673595507383
1.729 0.29002716907808657
1.73 0.29527914746656636
1.731 0.29926883870685544
1.732 0.30203022736864876
1.733 0.30282786088997127
1.734 0.3001701987407651
1.735 0.29667336699668706
1.736 0.2917776050672531
1.737 0.28632533038495667
1.738 0.2820742175768
1.739 0.27766072462187674
1.74 0.272646500243422
1.741 0.2677809513459786
1.742 0.26464874302039293
1.743 0.26192241578718345
1.744 0.2596084488780113
1.745 0.25734763984731834
1.746 0.256566396424298
1.747 0.25578233502899894
1.748 0.25716443214599743
1.749 0.25921506865429256
1.75 0.26159183556568927
1.751 0.26505570570949816
1.752 0.2699278140881552
1.753 0.27396284005158045
1.754 0.2791719624391207
1.755 0.2842960507926941
1.756 0.2867398952425487
1.757 0.2890026107544215
1.758 0.2909797633243758
1.759 0.29122459584289273
1.76 0.29155824827616933
1.761 0.29210401471303554
1.762 0.29064448730033743
1.763 0.2904153586420763
1.764 0.2896383355444459
1.765 0.2885552967770793
1.766 0.28849619853173386
1.767 0.2873218048851117
1.768 0.2875608646834814
1.769 0.287324601556582
1.77 0.2856730585007801
1.771 0.28467113740410555
1.772 0.28177387904769813
1.773 0.2769518273289053
1.774 0.2738988418133723
1.775 0.26816800713514966
1.776 0.2630019131125962
1.777 0.2574815532795529
1.778 0.2521025275574665
1.779 0.24596470086045294
1.78 0.24243835269434455
1.781 0.23613237263267015
1.782 0.23240511021890356
1.783 0.22818724078768457
1.784 0.2258386227037269
1.785 0.22379301559195663
1.786 0.21961246305803755
1.787 0.2172195840736158
1.788 0.21479301894099817
1.789 0.21248462724876047
1.79 0.2115917261416141
1.791 0.21033019978862372
1.792 0.21080989429883404
1.793 0.2117165252620963
1.794 0.21264449373871558
1.795 0.21501546585035528
1.796 0.21726578158627594
1.797 0.21891267783139834
1.798 0.21987898537408423
1.799 0.22055343406203978
1.8 0.21951353649368327
1.801 0.2185752806172192
1.802 0.21669961933275547
1.803 0.21462593638267552
1.804 0.21311902109641773
1.805 0.2109468985006289
1.806 0.20914416135967376
1.807 0.20867242053593377
1.808 0.208170754672082
1.809 0.20870575239189515
1.81 0.21036281592196202
1.811 0.2119889743530964
1.812 0.21382446586854512
1.813 0.21592510719991406
1.814 0.21798645427440014
1.815 0.22061637387455768
1.816 0.2239525578006209
1.817 0.2260835224287641
1.818 0.2282367149162146
1.819 0.23055312302727735
1.82 0.23187350830652914
1.821 0.2324300988772713
1.822 0.2324264310848524
1.823 0.23216604793325932
1.824 0.2317963431288107
1.825 0.23218399660569758
1.826 0.2328105827435252
1.827 0.23140431526683355
1.828 0.23232343752786344
1.829 0.231724235558099
1.83 0.23204490775814474
1.831 0.23265568783016166
1.832 0.23209211031858532
1.833 0.23244881500452574
1.834 0.23227729699543057
1.835 0.23220151826826038
1.836 0.23283886109893326
1.837 0.23248380767259894
1.838 0.23328067442035982
1.839 0.23534868629654201
1.84 0.2368442594542481
1.841 0.23764724504522824
1.842 0.2390246234231178
1.843 0.2426323360385793
1.844 0.24597865464923363
1.845 0.24916047652273166
1.846 0.25126141365687354
1.847 0.2539409744556348
1.848 0.2551203577033177
1.849 0.2554425942968382
1.85 0.2533369672653508
1.851 0.2511789793481174
1.852 0.24977692886400796
1.853 0.24644051369257186
1.854 0.24544600840530328
1.855 0.2453687754666106
1.856 0.24470776731349553
1.857 0.2447236289508832
1.858 0.2457613662715773
1.859 0.24726093557453982
1.86 0.24869847347644525
1.861 0.25124314135460035
1.862 0.25475034313860195
1.863 0.25720832550135564
1.864 0.2600068135136574
1.865 0.26226743394682095
1.866 0.2658438213273626
1.867 0.2687222365515304
1.868 0.26751062387426316
1.869 0.26526215055248104
1.87 0.2622243343459935
1.871 0.2594492554671607
1.872 0.2530375888391638
1.873 0.24680062983930798
1.874 0.2388851111584718
1.875 0.2318639370513053
1.876 0.2260204616433834
1.877 0.21970940243918557
1.878 0.2150275592703309
1.879 0.21014869627589355
1.88 0.2065191169293657
1.881 0.2052842260643222
1.882 0.2038672138099251
1.883 0.20411665018537953
1.884 0.20545592682045954
1.885 0.2074609918564047
1.886 0.2099363547272382
1.887 0.21381091531987167
1.888 0.21759607916968907
1.889 0.22114129240538802
1.89 0.22483112119302937
1.891 0.22759409675520856
1.892 0.2294506096811406
1.893 0.22907285635628122
1.894 0.22806990073217148
1.895 0.22686046024570655
1.896 0.22572927738984258
1.897 0.22483532382695995
1.898 0.22317161955263765
1.899 0.2224642085964011
1.9 0.22203666204154537
1.901 0.22441124950178973
1.902 0.22766336933834408
1.903 0.23141258221831132
1.904 0.23516187189674279
1.905 0.23959702059906177
1.906 0.24400181289138217
1.907 0.24736719958964973
1.908 0.25346860819934103
1.909 0.25746458499959546
1.91 0.2609965127448896
1.911 0.26432784147844973
1.912 0.2659809485418311
1.913 0.2645896408229037
1.914 0.2623022357299302
1.915 0.25862344612420163
1.916 0.2530212983194643
1.917 0.24644988384329702
1.918 0.24026793889396095
1.919 0.23391658689071032
1.92 0.22887257038968892
1.921 0.22487023855100072
1.922 0.22141720729455597
1.923 0.21882717018335823
1.924 0.21744851985230393
1.925 0.21763099374379624
1.926 0.21836731340002266
1.927 0.22034284468381624
1.928 0.22526378736109814
1.929 0.23104881321780915
1.93 0.23757388480774766
1.931 0.24525639252681566
1.932 0.25221794056962993
1.933 0.25986656486483767
1.934 0.26635976554521335
1.935 0.27209424021108675
1.936 0.2755361044466167
1.937 0.27733852806334475
1.938 0.2775792078403955
1.939 0.2767468006273606
1.94 0.27504173393950626
1.941 0.2742332874579086
1.942 0.2735200238207033
1.943 0.2740654810741035
1.944 0.2740642459613836
1.945 0.2751574261842612
1.946 0.27696678527384694
1.947 0.27809847278199384
1.948 0.2786480790637593
1.949 0.2807735128414613
1.95 0.2824700685502437
1.951 0.2836788663996991
1.952 0.2855747361877934
1.953 0.2853871731836291
1.954 0.28579767063957445
1.955 0.28613060956091796
1.956 0.2864689497470443
1.957 0.2860029458892793
1.958 0.28399507202808877
1.959 0.2803928833792426
1.96 0.2745748169301713
1.961 0.26795945379390995
1.962 0.2610057088376055
1.963 0.2548601839972534
1.964 0.24772190541132524
1.965 0.2425665569881546
1.966 0.2387738797284645
1.967 0.23500931155748972
1.968 0.2320753098018665
1.969 0.23049229461327383
1.97 0.2291659968407439
1.971 0.23028580354800618
1.972 0.23268814319359502
1.973 0.23555837966180704
1.974 0.23882085521266597
1.975 0.24301333047901377
1.976 0.2479686075599264
1.977 0.2539249279441483
1.978 0.26045414302921166
1.979 0.2675822827604953
1.98 0.2721608550181455
1.981 0.27627818913321356
1.982 0.27896664547141814
1.983 0.2802398346227314
1.984 0.28124166589059957
1.985 0.2813187828349583
1.986 0.28107483781804943
1.987 0.279373156529036
1.988 0.2777119704248843
1.989 0.2756345810676374
1.99 0.27223050092328144
1.991 0.2696678216889399
1.992 0.26807877133467173
1.993 0.26689375021795003
1.994 0.26583418285542304
1.995 0.2647806285498895
1.996 0.2652414061942134
1.997 0.2672646309455397
1.998 0.2687898292656505
1.999 0.2701653197055893
2.0 0.271411737961277
2.001 0.2736569052504787
2.002 0.27538364476513477
2.003 0.2764861755673202
2.004 0.2747146484528854
2.005 0.27270314836800974
2.006 0.2697502672707998
2.007 0.2654687525482099
2.008 0.26187364399424706
2.009 0.25906112738118997
2.01 0.25672842718004807
2.011 0.2554589787031714
2.012 0.25478430563232635
2.013 0.25468555712788726
2.014 0.25508089332422196
2.015 0.25732946073539537
2.016 0.2597404902545761
2.017 0.2627389808714528
2.018 0.26560717127839883
2.019 0.2689617383366865
2.02 0.27390275283484394
2.021 0.2785453687982702
2.022 0.2853080240865848
2.023 0.29123876016820743
2.024 0.2975595797073391
2.025 0.3022658742176207
2.026 0.30490313871887814
2.027 0.30742716211486776
2.028 0.3076382099811081
2.029 0.306525313762444
2.03 0.3042164087810537
2.031 0.3016053814279676
2.032 0.29775648768349444
2.033 0.29388351903288856
2.034 0.291456544252459
2.035 0.28919072905398974
2.036 0.28624360232137175
2.037 0.2850181682535847
2.038 0.28465393431577507
2.039 0.2830103545171186
2.04 0.28315528851726435
2.041 0.2836782101841398
2.042 0.283908900659316
2.043 0.28575051173396443
2.044 0.28620216390546765
2.045 0.28796466254358133
2.046 0.2887843594674518
2.047 0.2907842465022417
2.048 0.29249932610563173
2.049 0.2932947414407968
2.05 0.29276519833997744
2.051 0.2894620580095575
2.052 0.28641963867599823
2.053 0.28285530599189435
2.054 0.2782018705986665
2.055 0.27365869392300596
2.056 0.2690019883149749
2.057 0.2650433231833987
2.058 0.2625899452343414
2.059 0.26017628688739086
2.06 0.26040028767361734
2.061 0.26156556118819724
2.062 0.26430315817683697
2.063 0.2666034596684903
2.064 0.2690476062483353
2.065 0.27193002196749955
2.066 0.2765225194731815
2.067 0.2807513104756537
2.068 0.2849652242491144
2.069 0.2892952817520107
2.07 0.2923300358733378
2.071 0.2955170378303377
2.072 0.29596907739666906
2.073 0.29592311978351465
2.074 0.2949548954091492
2.075 0.2913329648906252
2.076 0.28637003406449346
2.077 0.2811485221976846
2.078 0.2762827807614018
2.079 0.2714001015435452
2.08 0.2670767501422436
2.081 0.2639262577735836
2.082 0.2620181844547891
2.083 0.2612612222702524
2.084 0.2620294162568111
2.085 0.2648793308905548
2.086 0.2684333958499221
2.087 0.27326362364732354
2.088 0.27969156028869163
2.089 0.2837909165247646
2.09 0.28851024088880206
2.091 0.2926846929227622
2.092 0.29534147294842755
2.093 0.29624131280793087
2.094 0.29550436869281665
2.095 0.2939121234561352
2.096 0.29048622543897634
2.097 0.2857735692412444
2.098 0.2826462207042353
2.099 0.2800658954489381
2.1 0.2771050187232317
2.101 0.2753681848685292
2.102 0.27627306530334317
2.103 0.27630166083157015
2.104 0.2791439135815513
2.105 0.2838602753321441
2.106 0.2886417946512467
2.107 0.29378241833368557
2.108 0.29993124477272914
2.109 0.30597474527879126
2.11 0.3113591969232309
2.111 0.31613456893206426
2.112 0.3195249380919681
2.113 0.32217850059531333
2.114 0.32431034271889786
2.115 0.3248184165386316
2.116 0.3229936741826635
2.117 0.3203719681836397
2.118 0.31674502109656627
2.119 0.3118679152271517
2.12 0.30572131505133393
2.121 0.2981371673810244
2.122 0.29086770128655387
2.123 0.2840291113061271
2.124 0.2769500300509475
2.125 0.2702284034391212
2.126 0.2652467269469721
2.127 0.2613981703796297
2.128 0.2592407846119148
2.129 0.25858144793669235
2.13 0.2585437538119512
2.131 0.25817715411206105
2.132 0.25802061456852987
2.133 0.25926720207488874
2.134 0.26154025518658813
2.135 0.2631059754650003
2.136 0.26423582182230915
2.137 0.2640484723121433
2.138 0.26335987269244543
2.139 0.2624677819501211
2.14 0.2606720793321757
2.141 0.2593181485504712
2.142 0.2572937031097462
2.143 0.2561118656477407
2.144 0.25487147411671357
2.145 0.25563859681348866
2.146 0.25713128807278873
2.147 0.26010311472058895
2.148 0.2634265047662563
2.149 0.26716203663570187
2.15 0.2725644320332432
2.151 0.276066688871828
2.152 0.27944928189641677
2.153 0.28130769274402334
2.154 0.2809647586505556
2.155 0.2795997386466807
2.156 0.2773540151842953
2.157 0.2753819095154605
2.158 0.27314107406333876
2.159 0.2729852648285038
2.16 0.27230204839415306
2.161 0.2726209722739151
2.162 0.2732486877083046
2.163 0.27317525756748195
2.164 0.27243085020585633
2.165 0.27175750279508815
2.166 0.27061930988905647
2.167 0.26799064030208236
2.168 0.2638213426810282
2.169 0.2593852574167063
2.17 0.2541782331735801
2.171 0.2494868154740751
2.172 0.24577613226745376
2.173 0.2436123539342979
2.174 0.2425809081768242
2.175 0.24198294795842104
2.176 0.2428139811923437
2.177 0.2447870449237471
2.178 0.2492723348130073
2.179 0.2529620020335731
2.18 0.256526646711334
2.181 0.261213286741119
2.182 0.2634855427807773
2.183 0.26595422463131635
2.184 0.26572823795652784
2.185 0.26520964346773435
2.186 0.2636095592251077
2.187 0.2612908145989682
2.188 0.2593812317083314
2.189 0.2576697219778595
2.19 0.2561347616774171
2.191 0.2567256568646763
2.192 0.25937909644076645
2.193 0.2617601968867573
2.194 0.2642885888896683
2.195 0.26806840202776683
2.196 0.27094280533409176
2.197 0.2739485054638412
2.198 0.27607317184970925
2.199 0.27586002296592865
2.2 0.2744300073674245
2.201 0.27232098029851953
2.202 0.26992834463740584
2.203 0.2656674313993331
2.204 0.2610501013157612
2.205 0.2567639393954257
2.206 0.25341834132917085
2.207 0.251197647097531
2.208 0.2499839816062557
2.209 0.24888959531838464
2.21 0.2503313474147038
2.211 0.2518119888080126
2.212 0.25321226722586326
2.213 0.25440113096578276
2.214 0.25608926785301045
2.215 0.25667545278515436
2.216 0.2556091138222898
2.217 0.2553907663800281
2.218 0.25427621249406956
2.219 0.25290532146410427
2.22 0.2521174437328408
2.221 0.2527947965082733
2.222 0.25368088356828394
2.223 0.25587733417483605
2.224 0.2585240847238518
2.225 0.2632360817029561
2.226 0.2676120821111026
2.227 0.27275003352318966
2.228 0.27661893457387693
2.229 0.280999691682143
2.23 0.28269589705820575
2.231 0.28432827954743506
2.232 0.28416409673515053
2.233 0.2845088545346885
2.234 0.28266933900958857
2.235 0.2801844925510132
2.236 0.2785770369434062
2.237 0.2764386589814097
2.238 0.2747289308636894
2.239 0.27572915949279647
2.24 0.2759802875224758
2.241 0.2769873619529155
2.242 0.27682732584459385
2.243 0.27639595748308954
2.244 0.2757766253712956
2.245 0.2737803198266476
2.246 0.27242699976304885
2.247 0.2704475626150323
2.248 0.2688633165445002
2.249 0.26765668871697673
2.25 0.2673538671059584
2.251 0.26741455190436175
2.252 0.2692209450558185
2.253 0.27006737489429994
2.254 0.2727703564415311
2.255 0.2746757682858314
2.256 0.2761234210907674
2.257 0.27686929186141235
2.258 0.2758145032631703
2.259 0.2718578174527993
2.26 0.2670896270634626
2.261 0.2630411851489884
2.262 0.2593434170214326
2.263 0.2557157431211828
2.264 0.25343081874084505
2.265 0.2540242646592384
2.266 0.25627883142658753
2.267 0.25811390813274604
2.268 0.2611836969482558
2.269 0.2653902433172535
2.27 0.2700401348119729
2.271 0.2750369887879634
2.272 0.2792280548243122
2.273 0.2822215374876819
2.274 0.2841804247550341
2.275 0.2856156158117175
2.276 0.2849952566371328
2.277 0.2832498906792728
2.278 0.2801733462977838
2.279 0.2779640146580919
2.28 0.27591456720097424
2.281 0.2737331913204607
2.282 0.27196267663069634
2.283 0.2721779252499698
2.284 0.2706780942477331
2.285 0.27060260719967566
2.286 0.2703650468711793
2.287 0.2679383798710056
2.288 0.2653381416480899
2.289 0.2627500764589835
2.29 0.25825264870959064
2.291 0.2537332271957297
2.292 0.2487005024798478
2.293 0.24403069338711297
2.294 0.24028365231567464
2.295 0.23848569264320957
2.296 0.2385236624210777
2.297 0.2410286486826243
2.298 0.24396603517838447
2.299 0.24687118989981052
2.3 0.2501259042211363
2.301 0.25386868127048356
2.302 0.2564760532138323
2.303 0.2581144052249529
2.304 0.2568627346893185
2.305 0.2549497190410013
2.306 0.2521793879830552
2.307 0.24832280901969161
2.308 0.24606035014261135
2.309 0.24394529934068698
2.31 0.24272118590290293
2.311 0.24248457297569623
2.312 0.24384175586686527
2.313 0.24612543225356992
2.314 0.24955107692281916
2.315 0.2539966190930257
2.316 0.25880262512803154
2.317 0.26481702734792356
2.318 0.2711214090776956
2.319 0.27674193624846727
2.32 0.28127484830423904
2.321 0.2838659827018382
2.322 0.2848777494797803
2.323 0.2825475614011071
2.324 0.27821808497891615
2.325 0.272353194852583
2.326 0.26742759941539096
2.327 0.26278901896961643
2.328 0.25833227159862876
2.329 0.2545509109631348
2.33 0.250380283946097
2.331 0.248216001111848
2.332 0.24570094450731875
2.333 0.24299090175571153
2.334 0.2403311572280789
2.335 0.237755923706892
2.336 0.2362067359139394
2.337 0.23390200794117516
2.338 0.230814027591608
2.339 0.22851402924550648
2.34 0.22651992683322256
2.341 0.2259938429864087
2.342 0.22594066555932663
2.343 0.2267623984167453
2.344 0.2288559934352614
2.345 0.23050390502444168
2.346 0.23290278043393728
2.347 0.23423954950636372
2.348 0.23577553021491202
2.349 0.2371096226817964
2.35 0.23832264624087962
2.351 0.23816978029776692
2.352 0.23821546413342123
2.353 0.23764306118814182
2.354 0.2384999168141473
2.355 0.23846331100926027
2.356 0.23881597896433904
2.357 0.24067949153281548
2.358 0.2436699560847424
2.359 0.2471507393968972
2.36 0.25008161773199533
2.361 0.2543013273930456
2.362 0.2568196845152207
2.363 0.25998610685573764
2.364 0.2625151458792395
2.365 0.264675083251012
2.366 0.2636623089770067
2.367 0.2603838260304166
2.368 0.25505098178493874
2.369 0.24730590572628874
2.37 0.2400537443391256
2.371 0.2311810620376678
2.372 0.22295614332210695
2.373 0.21482455445550674
2.374 0.208623093156791
2.375 0.20518075935694097
2.376 0.2025014199941458
2.377 0.20125724132086176
2.378 0.20094181010171727
2.379 0.20125226084089312
2.38 0.20108292631534658
2.381 0.20246692961249774
2.382 0.2048092226365673
2.383 0.2071982074457572
2.384 0.20948290821745585
2.385 0.21233913829610482
2.386 0.21429662405054806
2.387 0.21632843764754955
2.388 0.21855341734919895
2.389 0.22283855737964156
2.39 0.22561146708005853
2.391 0.22835648077799306
2.392 0.23059014660543115
2.393 0.23333115712025926
2.394 0.23414544683239227
2.395 0.2344768514774281
2.396 0.2327800766564188
2.397 0.23270285294795287
2.398 0.23079776958260598
2.399 0.2303870814057187
2.4 0.22890280292476248
2.401 0.22775518576209244
2.402 0.22898697178548158
2.403 0.22970119314770068
2.404 0.23178814106606901
2.405 0.2332394189294677
2.406 0.23637202048898195
2.407 0.23951684128210746
2.408 0.2413839463713417
2.409 0.24342451831646336
2.41 0.2436865088717862
2.411 0.24111213000206827
2.412 0.2381516434003569
2.413 0.2316738103319136
2.414 0.22298380653341243
2.415 0.21660823104230803
2.416 0.21013818187846958
2.417 0.20489630170719053
2.418 0.20042057427152968
2.419 0.19721562907878468
2.42 0.19527206556279608
2.421 0.1935457473753401
2.422 0.19437126497213347
2.423 0.19516579378066556
2.424 0.1981528540415327
2.425 0.20115629986519487
2.426 0.20409122826302226
2.427 0.20781245744452173
2.428 0.21158280147954336
2.429 0.21528509973282317
2.43 0.2178027351379063
2.431 0.22106001256898386
2.432 0.22511414348859396
2.433 0.22853552411077882
2.434 0.23254559138818898
2.435 0.23558432901798074
2.436 0.23848619066845783
2.437 0.24146945829491206
2.438 0.2429161106582905
2.439 0.24384585888473892
2.44 0.243031050316434
2.441 0.2430663738162773
2.442 0.24252607249359898
2.443 0.24163773353296772
2.444 0.24032025033282287
2.445 0.23987959276740642
2.446 0.23801136146367452
2.447 0.23584091595570883
2.448 0.23567311163390814
2.449 0.23429999336051086
2.45 0.2330024264626531
2.451 0.23235171945176336
2.452 0.23180370610530932
2.453 0.22853350051158777
2.454 0.2261988432103617
2.455 0.22194411704673245
2.456 0.2163801494410431
2.457 0.21207332515820693
2.458 0.20708361109076784
2.459 0.20225290738200719
2.46 0.19718390006765624
2.461 0.19296445153315123
2.462 0.19003905482161224
2.463 0.18673123350625756
2.464 0.18453366448076336
2.465 0.18285159239831983
2.466 0.18233631852074209
2.467 0.18182409070532046
2.468 0.18307093546964454
2.469 0.18370881671329786
2.47 0.18518773213801887
2.471 0.186746064279099
2.472 0.18940832399688867
2.473 0.19357770650716843
2.474 0.1964887242795974
2.475 0.20184792750132888
2.476 0.20695022869723145
2.477 0.21126183274563243
2.478 0.21503376695800136
2.479 0.21811467283200678
2.48 0.2217518161629189
2.481 0.22317628746882281
2.482 0.22394994583858377
2.483 0.2232610970000582
2.484 0.22405592746888306
2.485 0.22478811281537273
2.486 0.22276814554051708
2.487 0.2216702263245772
2.488 0.22118966194943504
2.489 0.2201034886115981
2.49 0.21905332862063262
2.491 0.2184564705259468
2.492 0.21880892451313966
2.493 0.2176311684089728
2.494 0.21680568552923787
2.495 0.2162228440953201
2.496 0.2163759442791569
2.497 0.21722129500320644
2.498 0.21581079778174658
2.499 0.21556662247597908
2.5 0.215577798420014
2.501 0.21478523773562547
2.502 0.21376171912219508
2.503 0.21133515402335984
2.504 0.2091743047055022
2.505 0.20676277455432648
2.506 0.20580391974123374
2.507 0.20162812783427791
2.508 0.19895379786498682
2.509 0.19686424335406663
2.51 0.1961744538788554
2.511 0.19654653320723903
2.512 0.19858389165382345
2.513 0.201446466310554
2.514 0.20529843210672474
2.515 0.21018466480911216
2.516 0.2160775327523782
2.517 0.2224475581496134
2.518 0.22766343554641935
2.519 0.23132851198212995
2.52 0.2342755658842761
2.521 0.23562159268963648
2.522 0.23630983083694873
2.523 0.23655147320327796
2.524 0.23630080916678858
2.525 0.23638059353724752
2.526 0.23560492618734474
2.527 0.23474624710819986
2.528 0.23406023192247746
2.529 0.2335138485330228
2.53 0.23380087036649727
2.531 0.2330390338811336
2.532 0.2321265997712097
2.533 0.2308481484469215
2.534 0.22807647959988867
2.535 0.22617631794267956
2.536 0.2255592610628149
2.537 0.2239634827323988
2.538 0.22348253130456586
2.539 0.22352999539461404
2.54 0.22401140042773826
2.541 0.22507797323562864
2.542 0.22697005259217934
2.543 0.23018888113556443
2.544 0.23122753697206827
2.545 0.23338025428074463
2.546 0.23441070638202924
2.547 0.2344427282355085
2.548 0.23453486668430926
2.549 0.23327970498876438
2.55 0.23252184387902936
2.551 0.229954424132884
2.552 0.22863649805481745
2.553 0.22957543707495104
2.554 0.23108000391310882
2.555 0.23253235029441233
2.556 0.23601987626968543
2.557 0.24127235401760325
2.558 0.24686175455485299
2.559 0.2534395500546802
2.56 0.26188647779862545
2.561 0.269219719155441
2.562 0.2752587058142841
2.563 0.28018184073758234
2.564 0.2834840506614756
2.565 0.28414341259150827
2.566 0.28211297631280713
2.567 0.2795636430605188
2.568 0.2762215584554767
2.569 0.27259152012792714
2.57 0.2684356190424014
2.571 0.2650577293688711
2.572 0.26260995879672794
2.573 0.26068328007645375
2.574 0.25985795824776087
2.575 0.2587799119755641
2.576 0.25912326981550843
2.577 0.25953086528795644
2.578 0.2600817156062668
2.579 0.26090412878589064
2.58 0.26063160948184644
2.581 0.261129066654019
2.582 0.2627828992179757
2.583 0.26249989468133733
2.584 0.2622835042340857
2.585 0.26078814625025926
2.586 0.25879916098203476
2.587 0.2564662017830403
2.588 0.2544948693419006
2.589 0.2520516388530409
2.59 0.24965391248331958
2.591 0.2464291306269487
2.592 0.2453571857444097
2.593 0.24564563672242068
2.594 0.24559513533478478
2.595 0.24552710208197492
2.596 0.24695817310784646
2.597 0.24853165003193622
2.598 0.25049343974685095
2.599 0.25284170610651974
2.6 0.2566370984379721
2.601 0.2593414684139325
2.602 0.26165080987815414
2.603 0.2641303031585377
2.604 0.2661404056748872
2.605 0.26689288047130943
2.606 0.26723576199473537
2.607 0.26635154881299894
2.608 0.26429252523546026
2.609 0.26001238753760975
2.61 0.2560676768990198
2.611 0.2517953944315489
2.612 0.24676803360189284
2.613 0.24174874295838264
2.614 0.23734229180347194
2.615 0.23256695889540344
2.616 0.2278637025012125
2.617 0.22476491603382737
2.618 0.22230437830925234
2.619 0.22324730530652198
2.62 0.22344341027000028
2.621 0.22431029187963222
2.622 0.22671041517886667
2.623 0.2299867039836087
2.624 0.23210523533220412
2.625 0.23522543364213988
2.626 0.23877525637080066
2.627 0.2409422869994373
2.628 0.24288328691832994
2.629 0.2444694695165206
2.63 0.24602206675648072
2.631 0.24577174494780402
2.632 0.24514809335749901
2.633 0.24439201412499703
2.634 0.24264036977696118
2.635 0.24045452862124597
2.636 0.23895067827507188
2.637 0.23668105372218967
2.638 0.23381158975560462
2.639 0.23246737670901557
2.64 0.2306079611265172
2.641 0.22964570072454737
2.642 0.22967469256010858
2.643 0.22811420547354852
2.644 0.22805760840749467
2.645 0.2285550451957623
2.646 0.22918851969735457
2.647 0.2315645771924832
2.648 0.23410461102970362
2.649 0.23694288328062071
2.65 0.24087412412460057
2.651 0.24485380654938532
2.652 0.24758300550536122
2.653 0.2484207130283331
2.654 0.24807271290925964
2.655 0.24737835844505895
2.656 0.24457741002170588
2.657 0.24007404256963447
2.658 0.23491296485796348
2.659 0.22879212305565616
2.66 0.22372000386547058
2.661 0.21929264347562383
2.662 0.21546846216239518
2.663 0.21441408924742705
2.664 0.21493344953679774
2.665 0.21672878370764892
2.666 0.22008719485259778
2.667 0.22350558880349064
2.668 0.22845640557273308
2.669 0.23189018939487996
2.67 0.23724024251567913
2.671 0.24158462314344545
2.672 0.2441254547140403
2.673 0.2481276766602503
2.674 0.24828843520611624
2.675 0.24912807046834792
2.676 0.24883732924059046
2.677 0.24870606617179436
2.678 0.248031700323451
2.679 0.24648749068266435
2.68 0.2452544867307802
2.681 0.24353019528970243
2.682 0.24217255856881956
2.683 0.24122484619319498
2.684 0.23997150977907286
2.685 0.2386338863553212
2.686 0.23883980777838149
2.687 0.23817325915429396
2.688 0.23800966623054676
2.689 0.23776201572880407
2.69 0.2389586822784745
2.691 0.24051714272767233
2.692 0.24204553711984128
2.693 0.24371339405471512
2.694 0.24796552963642046
2.695 0.2528816578481087
2.696 0.25876993191166037
2.697 0.26514156103569725
2.698 0.2697644869852637
2.699 0.2742185578254473
2.7 0.27616757440283907
2.701 0.27603778750983676
2.702 0.27218501047894267
2.703 0.2670487083243525
2.704 0.25949045969748563
2.705 0.2530351568538895
2.706 0.24422569716102482
2.707 0.23718239413648207
2.708 0.23049035219650305
2.709 0.22603442387057945
2.71 0.22245885002907262
2.711 0.22087136422961326
2.712 0.22077013461748243
2.713 0.2227886710862015
2.714 0.22614900809688485
2.715 0.22908069908927128
2.716 0.23385391003385905
2.717 0.2393435859401158
2.718 0.2442834733707601
2.719 0.2502295605346436
2.72 0.2574008182583492
2.721 0.2615244882101729
2.722 0.2647881817354173
2.723 0.2666946551328016
2.724 0.26757406363620057
2.725 0.2670058572902557
2.726 0.2635707276055186
2.727 0.2592113100739823
2.728 0.2545090580858976
2.729 0.25002872809614374
2.73 0.2467945619273676
2.731 0.24389346926082522
2.732 0.24185708005584391
2.733 0.24126492459729879
2.734 0.24259197997088197
2.735 0.2457452859900334
2.736 0.2507098234338975
2.737 0.2538729852759662
2.738 0.25838645692619105
2.739 0.2633218397919324
2.74 0.2666005874273225
2.741 0.2688011691809855
2.742 0.2699711226826545
2.743 0.2697892310082527
2.744 0.2681690932297057
2.745 0.26537253341209305
2.746 0.2612534550410947
2.747 0.25795576599777126
2.748 0.2534397332719004
2.749 0.24992055234948055
2.75 0.24728178894480377
2.751 0.24442885810312884
2.752 0.24166184258309473
2.753 0.24007981534688724
2.754 0.23950982485171257
2.755 0.23992430663473865
2.756 0.24196125602162805
2.757 0.24573156376875452
2.758 0.25054112063851447
2.759 0.25622877980165937
2.76 0.26199869704374007
2.761 0.2683634046562378
2.762 0.2750883487857166
2.763 0.28010605037771374
2.764 0.28586872879838404
2.765 0.29061469844492926
2.766 0.29357771123370163
2.767 0.29578736695744595
2.768 0.2971249399025278
2.769 0.2986713178509932
2.77 0.2985280893650504
2.771 0.2974334841957469
2.772 0.29654714576813657
2.773 0.2949669059906489
2.774 0.2929229148271022
2.775 0.2907237697802493
2.776 0.28873570079803923
2.777 0.28720551855208565
2.778 0.28604136321591567
2.779 0.2850715167572405
2.78 0.2850198827396746
2.781 0.2855239082344631
2.782 0.2863793043994903
2.783 0.2867668058117734
2.784 0.28848450308871604
2.785 0.291118550899038
2.786 0.2949733575359357
2.787 0.29787808197099735
2.788 0.3005530990800433
2.789 0.30302237932432624
2.79 0.3040541296334073
2.791 0.3043498512208503
2.792 0.30354192944848246
2.793 0.2989630827495609
2.794 0.2931761897890648
2.795 0.28607062680416123
2.796 0.27895096535032676
2.797 0.2721392029085593
2.798 0.2662581699389767
2.799 0.26306727315323836
2.8 0.2608810301936717
2.801 0.2616603676230238
2.802 0.26538569983204263
2.803 0.27138118871535843
2.804 0.27949554562443885
2.805 0.2898275576289069
2.806 0.3009812607780969
2.807 0.3125501049249752
2.808 0.3227101286007857
2.809 0.33058381829144545
2.81 0.3359905361302571
2.811 0.3379808027266165
2.812 0.33809353659089947
2.813 0.3356543212059691
2.814 0.3323010215201268
2.815 0.3292840381605047
2.816 0.32622410546103303
2.817 0.32165389309554343
2.818 0.3192555853551532
2.819 0.3165653977386739
2.82 0.3154010303373131
2.821 0.3138880893326733
2.822 0.31338945726076095
2.823 0.3130806581487122
2.824 0.3136863458924199
2.825 0.3131186944366974
2.826 0.31222039039143074
2.827 0.31076292282836976
2.828 0.3099404457135617
2.829 0.3077046447436112
2.83 0.30463142268913695
2.831 0.30218486210709483
2.832 0.3004755951866232
2.833 0.2978642176014241
2.834 0.29571590997549246
2.835 0.294638350417779
2.836 0.2933638028252979
2.837 0.29244235111485684
2.838 0.28967144937678846
2.839 0.2869093080603331
2.84 0.2831861028170069
2.841 0.27848314176384553
2.842 0.27426978976334987
2.843 0.26949813268181155
2.844 0.26550257255312376
2.845 0.26191992326099117
2.846 0.2601226114661706
2.847 0.25959621678986405
2.848 0.2608316047951514
2.849 0.2629827148499841
2.85 0.2684329078379106
2.851 0.2726361697144866
2.852 0.27738780411589875
2.853 0.2817447033381382
2.854 0.28409047897120193
2.855 0.2854451411969233
2.856 0.2862580181274353
2.857 0.28570260888618726
2.858 0.2839772202997275
2.859 0.281214219159602
2.86 0.2781477159426987
2.861 0.2761479796881479
2.862 0.27198199261804207
2.863 0.26885462204126825
2.864 0.2641022192708502
2.865 0.26013263481992155
2.866 0.25703609709502895
2.867 0.2530687658510349
2.868 0.24991760874513488
2.869 0.24635518725295136
2.87 0.2443922039666474
2.871 0.24290654004302134
2.872 0.24233234471410367
2.873 0.24292769683186782
2.874 0.24327122171648796
2.875 0.2441988504026719
2.876 0.2459156009610489
2.877 0.24665087363631685
2.878 0.2458429926594437
2.879 0.2457103683249663
2.88 0.2438604486044188
2.881 0.24144984519851148
2.882 0.23945712951183507
2.883 0.23763095505309484
2.884 0.23604375706752267
2.885 0.2349280484187139
2.886 0.23530815820443235
2.887 0.23630210692343068
2.888 0.23735981078381135
2.889 0.23776201833081675
2.89 0.23986646371479206
2.891 0.24052111205171378
2.892 0.24220413532429158
2.893 0.24358503810041487
2.894 0.24471112162413022
2.895 0.24680273862960353
2.896 0.24814155101650137
2.897 0.24868569220053127
2.898 0.2498832685755539
2.899 0.2508490470091286
2.9 0.25356477669693855
2.901 0.2546350446633144
2.902 0.2571826150086421
2.903 0.2589107962997025
2.904 0.26094830392724555
2.905 0.2626187348156321
2.906 0.26248445801699016
2.907 0.2641285607592015
2.908 0.26506892797362464
2.909 0.264621772220166
2.91 0.26560946156045456
2.911 0.26521971498560126
2.912 0.2656053106289488
2.913 0.26553779550189244
2.914 0.2649401249887192
2.915 0.2646995549039667
2.916 0.2653794000539191
2.917 0.2653623666617425
2.918 0.26462811890210475
2.919 0.26458540442977835
2.92 0.26587736219605485
2.921 0.26670920291464845
2.922 0.26678713050302333
2.923 0.26611621890269876
2.924 0.26564918122004144
2.925 0.264715640839063
2.926 0.26551182516045796
2.927 0.26543368448534743
2.928 0.2654004189163004
2.929 0.26481069669100016
2.93 0.2645597947757149
2.931 0.2639301580539483
2.932 0.26251468864043687
2.933 0.2611581429301903
2.934 0.2597424002956298
2.935 0.25916426085894195
2.936 0.2571154353710566
2.937 0.25617796319946123
2.938 0.2555157277754296
2.939 0.25541677030100257
2.94 0.25522072955847963
2.941 0.255355364351645
2.942 0.2571979271102956
2.943 0.25949267458748076
2.944 0.26190055461664613
2.945 0.2646088733745884
2.946 0.2669196726659063
2.947 0.26968633987150137
2.948 0.27327097486907526
2.949 0.2743444855590272
2.95 0.2732484357029958
2.951 0.27178293750603416
2.952 0.26985787832783564
2.953 0.26647551612153064
2.954 0.2621597535238589
2.955 0.25852827996798905
2.956 0.2548948600902636
2.957 0.25137438349279767
2.958 0.2481372958310676
2.959 0.24560715517960913
2.96 0.24326317634172426
2.961 0.24107703971896444
2.962 0.24016965156481074
2.963 0.24032296989497495
2.964 0.23971715595224888
2.965 0.23917571728106132
2.966 0.23904383842397856
2.967 0.23796228269699093
2.968 0.23776298484979466
2.969 0.23715781998578925
2.97 0.23804630437305974
2.971 0.23966239524106056
2.972 0.24076311936844982
2.973 0.2430190867756797
2.974 0.24691204583761592
2.975 0.25009775404579093
2.976 0.25241325148023946
2.977 0.25469898186737105
2.978 0.25672975765117134
2.979 0.25845771244024246
2.98 0.2582401549267773
2.981 0.25745135119103457
2.982 0.25503218626943397
2.983 0.2521959845818996
2.984 0.24917447870676496
2.985 0.24634827343150434
2.986 0.24270504596653864
2.987 0.2417764306920855
2.988 0.2401456380266412
2.989 0.24062366178355463
2.99 0.24049319512618456
2.991 0.2422824800204587
2.992 0.2431214701817437
2.993 0.24408243573449398
2.994 0.24405119289294763
2.995 0.2436247273807038
2.996 0.24192739593745113
2.997 0.23982010899980274
2.998 0.23636411868741897
2.999 0.23455798859230412
3.0 0.23165360705257734
