0.001 0.8892656251344038
0.002 0.8970743009794846
0.003 0.8952856903092904
0.004 0.8859155075933314
0.005 0.89011635601905
0.006 0.9037354239556382
0.007 0.8947434662163812
0.008 0.8876769906623994
0.009 0.8977747994918269
0.01 0.9027970530809052
0.011 0.9256917382420907
0.012 0.9332373327860042
0.013 0.9643498761603919
0.014 1.0050095050750436
0.015 0.9677867179988403
0.016 0.9706509410638741
0.017 0.9853914378807422
0.018 0.9920884618019277
0.019 1.013521718897417
0.02 0.9945739333156104
0.021 0.9670688845263193
0.022 0.9556671398508443
0.023 0.9631289752218123
0.024 0.9653747670729169
0.025 0.9301892728292954
0.026 0.9432431746664732
0.027 0.9482050919763388
0.028 0.9493054333780964
0.029 0.9453181083865968
0.03 0.9570641001696765
0.031 0.9374915409258906
0.032 0.9473999584328686
0.033 0.9851038855071774
0.034 0.9944536606023947
0.035 0.9747606408388632
0.036 0.9595268004457048
0.037 0.9511488193903755
0.038 0.9495892361095513
0.039 0.9693672796796255
0.04 0.9835112439067466
0.041 1.0010155988679104
0.042 0.9508572791095372
0.043 0.9744096154381963
0.044 0.9456201545845043
0.045 0.9708202494202617
0.046 0.957345944893119
0.047 0.9437673131651907
0.048 0.9251974588102524
0.049 0.9327026186324058
0.05 0.9413220552897668
0.051 0.9349849259690499
0.052 0.9422278192609053
0.053 0.9509992983393258
0.054 1.0250394281505244
0.055 1.0246024655416999
0.056 1.0260634187518582
0.057 1.0346014687646816
0.058 1.0379546109296083
0.059 1.02802663519792
0.06 1.023181544566293
0.061 1.0015956478818404
0.062 1.0149758039020909
0.063 0.9987407756166995
0.064 1.0162595717204628
0.065 1.0363384543896401
0.066 1.0162934056575346
0.067 1.0221561833679744
0.068 1.0515290095153675
0.069 1.0397865264770152
0.07 1.0463861494867055
0.071 1.0506686398054543
0.072 1.0159315508570377
0.073 1.0371112794462936
0.074 1.0814630443440827
0.075 1.0868927805699775
0.076 1.0574648157802014
0.077 1.0411320536583353
0.078 1.0414318374041442
0.079 1.041057325816188
0.08 1.0144374713785096
0.081 1.012494210381726
0.082 1.0292068696953944
0.083 1.028647699170388
0.084 1.0588587942336516
0.085 1.0616932317814596
0.086 1.0642380118483035
0.087 1.0564594625470742
0.088 1.005078118161038
0.089 1.0105665755400242
0.09 1.0251653373666234
0.091 1.0371061152070054
0.092 1.0464831275999213
0.093 1.056776422755766
0.094 1.0446810641974977
0.095 1.0264605126304356
0.096 1.0269366868683907
0.097 1.0118867738671722
0.098 1.0200298011104696
0.099 1.0389671719160072
0.1 1.0304403193644056
0.101 1.036811723877954
0.102 1.0213511554993457
0.103 1.0039639415722326
0.104 1.0106052152006528
0.105 1.0382040417311467
0.106 1.0288325075877027
0.107 1.0033956180256294
0.108 0.9990843127909744
0.109 1.0015269189100677
0.11 0.9984499766387378
0.111 1.0166066799010947
0.112 1.0039037189843005
0.113 1.0173530049454076
0.114 1.0459611555435788
0.115 1.0444693952193556
0.116 1.0531149403960023
0.117 1.0509932784674396
0.118 1.0799446644024324
0.119 1.0460628060180286
0.12 1.0642964920357405
0.121 1.0445500795546954
0.122 1.037616087820533
0.123 1.0563743816291447
0.124 1.0784324445015174
0.125 1.044390100804271
0.126 1.0321155208765083
0.127 1.0529871254998244
0.128 1.054164194605438
0.129 1.065401255769395
0.13 1.0853213541714373
0.131 1.062935169182614
0.132 1.041050970462952
0.133 1.0347976753277177
0.134 1.02957632927645
0.135 1.0259153729448212
0.136 1.0115840942227903
0.137 0.9633579313837408
0.138 0.9677275306959016
0.139 0.9657300823140239
0.14 0.9679702795701126
0.141 0.9291119391582273
0.142 0.8990845779037873
0.143 0.9037574686357607
0.144 0.9479091599611038
0.145 0.9738453969430207
0.146 0.9555360599031751
0.147 0.9416381109462848
0.148 0.9604484911815707
0.149 0.9657162343079542
0.15 0.9712576392723237
0.151 0.9563029769965201
0.152 0.9586434094323425
0.153 0.9594490792708471
0.154 0.9636839978421617
0.155 0.9616866759873973
0.156 1.0030980320132965
0.157 0.9913479710552424
0.158 0.9719569568979054
0.159 0.9907863519477468
0.16 0.9802544375610183
0.161 0.9891523293648746
0.162 0.954253794902368
0.163 0.9794800706776237
0.164 1.023146124619606
0.165 1.053541248136057
0.166 1.067347806169041
0.167 1.0758450917520421
0.168 1.0604637035695237
0.169 1.043495149755744
0.17 1.0451695791112658
0.171 1.0141917862301895
0.172 0.9986713416294326
0.173 0.9639183344411876
0.174 0.9991716188229346
0.175 0.9915243892784328
0.176 0.994286124806703
0.177 0.9911485302669593
0.178 0.9788545133876977
0.179 0.9695478133161964
0.18 0.9681407202228609
0.181 0.9950376074213968
0.182 0.9684717306574161
0.183 1.0039673153971775
0.184 1.0109961480432679
0.185 1.0327989164748768
0.186 1.0444690026212884
0.187 1.033941505666945
0.188 1.0436739269416326
0.189 1.0357964066275025
0.19 1.0442860110868866
0.191 1.0464414274724518
0.192 1.025210249747136
0.193 1.0229753398359585
0.194 0.9897529901886327
0.195 0.9823483828432347
0.196 1.0033173288832709
0.197 0.9954622974525391
0.198 1.0048741986772212
0.199 1.000440470163428
0.2 0.9808314747715667
0.201 0.985316508620357
0.202 0.9942253766741106
0.203 0.9989853985058712
0.204 0.9752136254193088
0.205 0.9778476407371469
0.206 0.9685079609575524
0.207 0.9663132352991506
0.208 0.9652845952591219
0.209 0.9670975512275991
0.21 0.9599984582294693
0.211 0.9123596028208664
0.212 0.9048368963275951
0.213 0.9017553554871409
0.214 0.9012975361276061
0.215 0.9056643542165961
0.216 0.9297362011241178
0.217 0.9444171535672498
0.218 0.9514694066511277
0.219 0.9344736161757694
0.22 0.930583050368674
0.221 0.9209320376973944
0.222 0.9435074824478821
0.223 0.9462319623454274
0.224 0.9296188102087534
0.225 0.9556628618351478
0.226 0.9486361259301451
0.227 0.9476794267955702
0.228 0.9367449751214036
0.229 0.9071698068677894
0.23 0.92032545229448
0.231 0.9128680178188026
0.232 0.9167846201760396
0.233 0.920945240031017
0.234 0.9390788089078488
0.235 0.9045230039328378
0.236 0.8931329720124567
0.237 0.9026921652814409
0.238 0.9009868234561765
0.239 0.9238934661984526
0.24 0.9369419827254917
0.241 0.9802178382283172
0.242 1.016898599924535
0.243 1.0211531293488672
0.244 1.009746990999408
0.245 0.994691231354244
0.246 1.00032434695986
0.247 1.023210575960453
0.248 0.9978499948951733
0.249 1.0059950348151052
0.25 0.9795168692802237
0.251 0.9846098675841721
0.252 0.9808757929547864
0.253 0.9954897880747657
0.254 1.0180687188121835
0.255 1.0303476063383412
0.256 1.0373801582387396
0.257 1.050084475078403
0.258 1.0533165297440534
0.259 1.027630255576317
0.26 1.008308832922299
0.261 1.0013796806092783
0.262 0.9971144825784332
0.263 1.0063511362711899
0.264 0.9970891111891554
0.265 0.9688160746809462
0.266 0.9711486979997792
0.267 0.9925493462965603
0.268 0.9814584102134103
0.269 0.992819632148433
0.27 0.9689970185235489
0.271 0.9554805985913052
0.272 1.010889537748257
0.273 1.0338830578338716
0.274 1.0438104842842184
0.275 1.0418257941641373
0.276 1.0228410118488378
0.277 1.0335672875322586
0.278 1.0312054318889146
0.279 1.03036157762593
0.28 1.0259116953336966
0.281 1.0339665137541045
0.282 1.035963301533613
0.283 1.0250017395957625
0.284 1.0169625555321151
0.285 1.0461140380857958
0.286 1.0374119322427273
0.287 1.038539433318851
0.288 1.053599861312181
0.289 1.0479964864602764
0.29 1.0340756979478298
0.291 1.0460700509886258
0.292 1.0608766639213907
0.293 1.0751785131600724
0.294 1.0871485508781051
0.295 1.1033526531247144
0.296 1.0922336254513743
0.297 1.1015060608032163
0.298 1.0964606148714147
0.299 1.0957194696424237
0.3 1.0842656454861161
0.301 1.0455722650731425
0.302 1.020843509115846
0.303 1.054498376622178
0.304 1.0753576682796808
0.305 1.0877395813514248
0.306 1.1106500166724376
0.307 1.1251853221422976
0.308 1.1379947593557311
0.309 1.1182515764917982
0.31 1.0997339686260943
0.311 1.1211066470592588
0.312 1.1247580549028884
0.313 1.1376770165176167
0.314 1.1149545879655958
0.315 1.0992485934017473
0.316 1.088021597276079
0.317 1.0701943598841375
0.318 1.0537944054109372
0.319 1.0587421066459444
0.32 1.0769620188128062
0.321 1.0786454118314135
0.322 1.0799655943643889
0.323 1.0576119405968807
0.324 1.0514941891973009
0.325 1.0383272291876882
0.326 1.028578972390048
0.327 1.0447865619116332
0.328 1.062672687835759
0.329 1.078233541798232
0.33 1.0785395801136877
0.331 1.0660715670696839
0.332 1.0890327373493325
0.333 1.1004467880244169
0.334 1.0957388045487748
0.335 1.1000550786520684
0.336 1.1021609743001666
0.337 1.1068604988122643
0.338 1.127457934123835
0.339 1.1479398310573277
0.34 1.149035230208617
0.341 1.1328659950461184
0.342 1.1188273683542043
0.343 1.1313953504875551
0.344 1.1297562983339922
0.345 1.1326941578565168
0.346 1.106863739004181
0.347 1.1132652689255067
0.348 1.1254869982722586
0.349 1.1532296039560137
0.35 1.1655735492761103
0.351 1.1941801520726565
0.352 1.2451378204974362
0.353 1.2449779324977392
0.354 1.2343590264098907
0.355 1.250181153163776
0.356 1.1945276790865054
0.357 1.192036145435149
0.358 1.1952003657721781
0.359 1.2050855335034574
0.36 1.143510110126826
0.361 1.173898958536099
0.362 1.1519579819000814
0.363 1.1566445652993396
0.364 1.1719186225086595
0.365 1.1580245556159356
0.366 1.1460511220084522
0.367 1.1379249213038867
0.368 1.1617482437759357
0.369 1.1222492664308363
0.37 1.1031939360677625
0.371 1.101603314880869
0.372 1.1240768856704488
0.373 1.0734171602136233
0.374 1.088927849893179
0.375 1.099902813272801
0.376 1.1175539563921748
0.377 1.1280679582255364
0.378 1.117710170193728
0.379 1.1101514844881326
0.38 1.1027989171667643
0.381 1.1274120228135767
0.382 1.152250769509509
0.383 1.210652767718627
0.384 1.228037799682246
0.385 1.186915177220535
0.386 1.209054506425876
0.387 1.2077588864442625
0.388 1.2277846954613243
0.389 1.2107492992935958
0.39 1.1887464926923594
0.391 1.1692675741213148
0.392 1.1365163820528412
0.393 1.1204207452192778
0.394 1.1528365437182793
0.395 1.1344990793661323
0.396 1.1219294357155543
0.397 1.1415301295627935
0.398 1.1386835355718565
0.399 1.143561416679753
0.4 1.115831661324375
0.401 1.14483088431885
0.402 1.1583103273465971
0.403 1.1491735201321598
0.404 1.1391012858190142
0.405 1.122179568388366
0.406 1.1148913284408597
0.407 1.1507268679697351
0.408 1.182861900206292
0.409 1.206028371169556
0.41 1.2241117098658858
0.411 1.2349142216778781
0.412 1.23622920682769
0.413 1.2275038678927421
0.414 1.2567487095888725
0.415 1.2492408236901318
0.416 1.2651613712376906
0.417 1.2588971161283196
0.418 1.2928226041446698
0.419 1.294732323547784
0.42 1.239201521540709
0.421 1.2926576239057392
0.422 1.2977696152082248
0.423 1.2926932274614258
0.424 1.3157995590699472
0.425 1.319294059295934
0.426 1.311220184790682
0.427 1.2659838312974274
0.428 1.2251151302524996
0.429 1.210430162277971
0.43 1.2273461909973828
0.431 1.2229000756028996
0.432 1.2221258832486999
0.433 1.1994444948966114
0.434 1.2193062134999408
0.435 1.189500994734688
0.436 1.138228386390439
0.437 1.1210652690674239
0.438 1.1473419158570468
0.439 1.140372003304364
0.44 1.1398366670597533
0.441 1.1497665295598205
0.442 1.104202247253204
0.443 1.1203386200633838
0.444 1.1195379829842849
0.445 1.1442509947078485
0.446 1.1629914131610026
0.447 1.1475657117084876
0.448 1.1144815993019421
0.449 1.1347544654340826
0.45 1.172038210607494
0.451 1.1407567185180123
0.452 1.165686512680514
0.453 1.1760751483447076
0.454 1.1855897960209818
0.455 1.1940734156144328
0.456 1.1941338146479736
0.457 1.2516673209057534
0.458 1.2326184735022554
0.459 1.2270626475223587
0.46 1.2030630481826137
0.461 1.19942677268366
0.462 1.206187532192747
0.463 1.1947024742611787
0.464 1.1999439285206221
0.465 1.2244191828046027
0.466 1.1864336416513348
0.467 1.188872531338514
0.468 1.192274985778934
0.469 1.1860861248697971
0.47 1.1753604549859733
0.471 1.1730153105245116
0.472 1.1923358954845509
0.473 1.1810705249522337
0.474 1.1730697956947553
0.475 1.1664537557833075
0.476 1.1673971629289632
0.477 1.167735156420276
0.478 1.1567596577901307
0.479 1.1142608793938138
0.48 1.1278577525858307
0.481 1.1314265574969802
0.482 1.133037412012919
0.483 1.1622981980039724
0.484 1.1397113229484013
0.485 1.1396241380314613
0.486 1.131294079148045
0.487 1.1240678245587423
0.488 1.1384973979934772
0.489 1.1747850005834772
0.49 1.1593832806451305
0.491 1.1460265235798999
0.492 1.1527312682615627
0.493 1.170494865142267
0.494 1.1836982362495134
0.495 1.221154100005294
0.496 1.242253124349473
0.497 1.183245879808954
0.498 1.1604655165888769
0.499 1.16995022738687
0.5 1.192929862884492
0.501 1.198971706193182
0.502 1.1700686817162151
0.503 1.1938112550223554
0.504 1.1942396845620014
0.505 1.2218346086294063
0.506 1.2129462449826578
0.507 1.2334194372553984
0.508 1.258540659075276
0.509 1.2370364848364166
0.51 1.1970300350889136
0.511 1.189996953884994
0.512 1.1587577425502533
0.513 1.1744950612387313
0.514 1.161770257504438
0.515 1.177737683098785
0.516 1.1464095046994844
0.517 1.1464685566344308
0.518 1.1514902653465728
0.519 1.176992601616017
0.52 1.1497819444454134
0.521 1.200864092671571
0.522 1.2000943807009703
0.523 1.2066518996163922
0.524 1.2244284008066189
0.525 1.2113157030907564
0.526 1.245556623475859
0.527 1.2033093002780324
0.528 1.2297875329083139
0.529 1.2038909275323377
0.53 1.2057726100022148
0.531 1.1784730366049316
0.532 1.1739714033250281
0.533 1.154801996220947
0.534 1.157025521541672
0.535 1.1414713203071347
0.536 1.1638254948026816
0.537 1.1770526374649835
0.538 1.1867645780270228
0.539 1.1720917023965902
0.54 1.1442130954340919
0.541 1.0949749215846003
0.542 1.1323543870047363
0.543 1.137561941424053
0.544 1.1039999515708463
0.545 1.0906953397543686
0.546 1.1078102007785418
0.547 1.1196947418742083
0.548 1.142641358916747
0.549 1.1367651731020787
0.55 1.121833808814595
0.551 1.1421642910804897
0.552 1.1548222193150819
0.553 1.1354306277939763
0.554 1.1487109597679845
0.555 1.1118411704678255
0.556 1.1255613455439308
0.557 1.130475039811354
0.558 1.1140481179428405
0.559 1.1210016697665306
0.56 1.1809333168909257
0.561 1.184732142668091
0.562 1.209230284229326
0.563 1.1677345835446356
0.564 1.1685878435970198
0.565 1.1703113514559476
0.566 1.1644262576200213
0.567 1.168677409644315
0.568 1.1767028920169393
0.569 1.1773595765216094
0.57 1.1790093064276828
0.571 1.1545731400012114
0.572 1.136212720286842
0.573 1.1397116382054993
0.574 1.150192443603322
0.575 1.178940732815694
0.576 1.1696731689652815
0.577 1.1776238117690143
0.578 1.1904960418832309
0.579 1.238064942455394
0.58 1.2235781450023302
0.581 1.2287062665497537
0.582 1.212504228246907
0.583 1.1940241075901805
0.584 1.1909755872071637
0.585 1.1635017916343966
0.586 1.1383883646905837
0.587 1.1340511079415385
0.588 1.1577559025377737
0.589 1.1079222112693436
0.59 1.1009496128605827
0.591 1.1535906402328786
0.592 1.1608826665937844
0.593 1.1308839949671112
0.594 1.1362677328823756
0.595 1.1218910339445667
0.596 1.143796026987081
0.597 1.121066856128261
0.598 1.1515021816551412
0.599 1.1781830869678365
0.6 1.1595344250523865
0.601 1.1534779695560426
0.602 1.1371974747731486
0.603 1.1689204820989398
0.604 1.1745412138533167
0.605 1.1519323451030417
0.606 1.1026363032643123
0.607 1.1063037832521634
0.608 1.1011153330862054
0.609 1.0740327796446618
0.61 1.1081849751664907
0.611 1.068940438167918
0.612 1.062188485424161
0.613 1.0437228010963606
0.614 1.0625621451244927
0.615 1.0604685737403587
0.616 1.0739700927288078
0.617 1.085084900747244
0.618 1.098370817115633
0.619 1.076254846365596
0.62 1.0950823782585393
0.621 1.102032024431627
0.622 1.112272057665075
0.623 1.141698369798892
0.624 1.133961442107054
0.625 1.0997469520558774
0.626 1.1065318396461508
0.627 1.1463573346126945
0.628 1.1483893025424354
0.629 1.1559289724488746
0.63 1.186164002469151
0.631 1.1893448108595295
0.632 1.158403233433868
0.633 1.1682322509746519
0.634 1.1740270348003545
0.635 1.1548700227219995
0.636 1.1621343845711638
0.637 1.1467415673663273
0.638 1.1661018429514447
0.639 1.1487912481084044
0.64 1.1665464790490896
0.641 1.1730367973608664
0.642 1.1987025873586272
0.643 1.1822137039109584
0.644 1.189887722258274
0.645 1.1613060018493222
0.646 1.1793186203940733
0.647 1.2007571476473193
0.648 1.1952953483310578
0.649 1.1860296450781904
0.65 1.1441544265909267
0.651 1.133599419821561
0.652 1.143758909354931
0.653 1.1096130930189918
0.654 1.144650837055601
0.655 1.1509685460560963
0.656 1.1421559428078358
0.657 1.1514182818486434
0.658 1.1627896382799388
0.659 1.1726044440307957
0.66 1.1445587826131736
0.661 1.146173043991109
0.662 1.1508064458977267
0.663 1.1595403423203186
0.664 1.1722389718904271
0.665 1.161187356429307
0.666 1.1697776908302544
0.667 1.147490676835232
0.668 1.1180678611486337
0.669 1.151529313670485
0.67 1.131563477071553
0.671 1.1178709366526838
0.672 1.1532585661894432
0.673 1.1766166103247448
0.674 1.218415623044866
0.675 1.2145457978902658
0.676 1.205927340815765
0.677 1.2278264325218777
0.678 1.2243492479808553
0.679 1.1979034928888477
0.68 1.1783608953953246
0.681 1.1631606811646167
0.682 1.200717319483858
0.683 1.1944827267570621
0.684 1.2033383296152802
0.685 1.2159302627925668
0.686 1.1897026141095066
0.687 1.171330336806191
0.688 1.2229109020811966
0.689 1.2515295069274952
0.69 1.2503546377918617
0.691 1.2461400506568654
0.692 1.2177761807533456
0.693 1.204159139774845
0.694 1.1799853033006609
0.695 1.1742555880392358
0.696 1.1674868427975995
0.697 1.1837050745274074
0.698 1.2244522414876249
0.699 1.2264605313739374
0.7 1.2643637291540204
0.701 1.2909655134008686
0.702 1.3121601963887322
0.703 1.2751008487645998
0.704 1.2918923488785607
0.705 1.3037161582170138
0.706 1.2648966494979932
0.707 1.1814268799276584
0.708 1.1616243557368666
0.709 1.1475800035771715
0.71 1.1696296993081976
0.711 1.1578553048811062
0.712 1.1689579587948633
0.713 1.1577454481969995
0.714 1.1396742826757358
0.715 1.1594965829592292
0.716 1.1714139348556072
0.717 1.1633060224312906
0.718 1.1636670449800883
0.719 1.184370351271594
0.72 1.1783819532109974
0.721 1.1709946558018571
0.722 1.1682929021448012
0.723 1.1588489687949683
0.724 1.149666262896835
0.725 1.1362180590497504
0.726 1.148313286935006
0.727 1.1950498425096845
0.728 1.191425506580278
0.729 1.1576450172075778
0.73 1.1518412529560504
0.731 1.1523157829937498
0.732 1.140254640830003
0.733 1.135491807906455
0.734 1.1135009129812912
0.735 1.129096419966988
0.736 1.1200204017989712
0.737 1.1041353473734206
0.738 1.1310345321909825
0.739 1.161991251070929
0.74 1.1584640358444986
0.741 1.1764526191750526
0.742 1.207445123149818
0.743 1.2058532047479036
0.744 1.191036447621793
0.745 1.1653102835639702
0.746 1.1877472812949301
0.747 1.2048447303351955
0.748 1.2310566920225356
0.749 1.2410325449354855
0.75 1.2345772358274842
0.751 1.264933881160042
0.752 1.2533415307785507
0.753 1.2163283274630088
0.754 1.2274770192639388
0.755 1.226363367767207
0.756 1.1922953456969423
0.757 1.2062466609334113
0.758 1.184173487496814
0.759 1.1928498469019637
0.76 1.1619094308576012
0.761 1.1754387036998701
0.762 1.1564375128518543
0.763 1.143293706880049
0.764 1.141849412263643
0.765 1.1379213503494203
0.766 1.086208447578074
0.767 1.0908188600686395
0.768 1.0902893738597177
0.769 1.0904607311038843
0.77 1.1214051449397235
0.771 1.1346164878388683
0.772 1.1843075533539982
0.773 1.159901730663704
0.774 1.2078503032419194
0.775 1.2650046218141644
0.776 1.2610135586612543
0.777 1.2382265533896497
0.778 1.275550175717529
0.779 1.2673564815090448
0.78 1.2558621472402776
0.781 1.2724682992071576
0.782 1.1890437215141159
0.783 1.1784074720640072
0.784 1.1982552577830423
0.785 1.216965479312516
0.786 1.1993340418126155
0.787 1.2410430401355312
0.788 1.278592827053153
0.789 1.2830385785368308
0.79 1.314431270688951
0.791 1.353515495580727
0.792 1.3432651260523654
0.793 1.330103123066094
0.794 1.3097301814557596
0.795 1.2795970505836178
0.796 1.2537747127525114
0.797 1.2598009881151186
0.798 1.2799199342106495
0.799 1.2983697603072701
0.8 1.2754312907392984
0.801 1.2894143459847804
0.802 1.2785561124001716
0.803 1.275618610256814
0.804 1.2532465784037914
0.805 1.2244717172995372
0.806 1.228960487106175
0.807 1.2504203405105234
0.808 1.2469782282199198
0.809 1.2272633072140624
0.81 1.24058425781162
0.811 1.2300783215573161
0.812 1.1912586912185539
0.813 1.2089781740954826
0.814 1.2160831130539638
0.815 1.2046985914763106
0.816 1.2052303549738745
0.817 1.1906840956200642
0.818 1.183699417079439
0.819 1.192762924736518
0.82 1.169729314324226
0.821 1.156840783904111
0.822 1.1864687846187592
0.823 1.1568651821902882
0.824 1.1969944137254247
0.825 1.2007462728107734
0.826 1.1991068944670473
0.827 1.2189366161545505
0.828 1.1962250538842232
0.829 1.1756856793324584
0.83 1.1520899993478235
0.831 1.1729365137147962
0.832 1.2052259185937988
0.833 1.1781823776917784
0.834 1.1711057935553197
0.835 1.1806954067105728
0.836 1.1376049046549015
0.837 1.1464289353254098
0.838 1.159827992353606
0.839 1.1830266884792853
0.84 1.1899472880114144
0.841 1.2152623355146683
0.842 1.21756393723971
0.843 1.2323161343656572
0.844 1.229450822601609
0.845 1.2407452903410088
0.846 1.2644181921863313
0.847 1.227423871316123
0.848 1.1834103379049965
0.849 1.1862612720409946
0.85 1.1796119218830627
0.851 1.1965874537985197
0.852 1.1757521380242946
0.853 1.1807920724718042
0.854 1.1844669773469345
0.855 1.175910432449559
0.856 1.1961098837890556
0.857 1.151171577012927
0.858 1.1373264173822795
0.859 1.1295319333772198
0.86 1.1004341845558325
0.861 1.1050613773080473
0.862 1.1153854628640347
0.863 1.1290038059139627
0.864 1.0976881028355603
0.865 1.1139470840256471
0.866 1.1091198897919827
0.867 1.1239186377150452
0.868 1.1428334702826357
0.869 1.1220997123452763
0.87 1.1122605200078475
0.871 1.135930412763933
0.872 1.1354854809285058
0.873 1.1421390221293584
0.874 1.1334664523290492
0.875 1.1258494836471609
0.876 1.1286579183796401
0.877 1.1101955517443256
0.878 1.1433225150977253
0.879 1.1362410432295629
0.88 1.1260647466081233
0.881 1.1510106125039965
0.882 1.186655318659713
0.883 1.1799009575176014
0.884 1.1841770478832467
0.885 1.2037325447670235
0.886 1.1700560425521636
0.887 1.1458195733850935
0.888 1.1227301411350348
0.889 1.1237915310772166
0.89 1.1148204382541127
0.891 1.1021857132581228
0.892 1.1095836825075862
0.893 1.107986492573099
0.894 1.1006061896927997
0.895 1.1100121441196322
0.896 1.0975537688196126
0.897 1.1070467525676686
0.898 1.0860131633568604
0.899 1.0755139980338415
0.9 1.0634284384640438
0.901 1.0709696155496686
0.902 1.0414419487252926
0.903 1.0594224137917196
0.904 1.1006573205990404
0.905 1.1066973024368842
0.906 1.1211458431477102
0.907 1.076979274533617
0.908 1.082191148621099
0.909 1.1083500825792125
0.91 1.1313798334288896
0.911 1.1253583381665824
0.912 1.0875608690623924
0.913 1.1090449462997665
0.914 1.115217606238557
0.915 1.1256194216891278
0.916 1.091550151626952
0.917 1.0956394261509559
0.918 1.104856138001754
0.919 1.1173782739798779
0.92 1.1149389560495522
0.921 1.108786716586643
0.922 1.0922589454888156
0.923 1.1035339119199592
0.924 1.0927342030703706
0.925 1.1177660021558695
0.926 1.1243677436461335
0.927 1.1438823893421042
0.928 1.1389062878903335
0.929 1.1256845125449653
0.93 1.1354792900698834
0.931 1.1370645567766076
0.932 1.1272104199391741
0.933 1.131974000161696
0.934 1.1221875268669996
0.935 1.1141015791476916
0.936 1.1288280525789118
0.937 1.1581003923052442
0.938 1.2028731726263153
0.939 1.2195251982571564
0.94 1.2276104913551578
0.941 1.2516115482189791
0.942 1.260436436513411
0.943 1.2241061332527332
0.944 1.2068093598192942
0.945 1.1627423362551235
0.946 1.1617325736933073
0.947 1.1831233346889785
0.948 1.211692442074347
0.949 1.18160259028428
0.95 1.1824123431183142
0.951 1.1744951664395131
0.952 1.1930986520611453
0.953 1.214787183177419
0.954 1.2108200433770404
0.955 1.233219332164747
0.956 1.2153279886351096
0.957 1.2411749155843008
0.958 1.2583411712069439
0.959 1.2565783558588013
0.96 1.2295406095042887
0.961 1.2128575510709785
0.962 1.203067324077601
0.963 1.1802299155569946
0.964 1.1760582463724623
0.965 1.1497386039428001
0.966 1.1326743084525983
0.967 1.1180571503383017
0.968 1.120165798292303
0.969 1.1195096974054304
0.97 1.1224199378720185
0.971 1.1415483907379755
0.972 1.1223193637235713
0.973 1.1095572057059104
0.974 1.1192838838026569
0.975 1.129239835999439
0.976 1.1613934726197919
0.977 1.1581548602877298
0.978 1.127550539109399
0.979 1.1228878464889644
0.98 1.1583398334489143
0.981 1.15496674222642
0.982 1.152942885453386
0.983 1.173317023123053
0.984 1.1465276057481595
0.985 1.168792452516039
0.986 1.1584978295540065
0.987 1.1270652035870035
0.988 1.1141066880815547
0.989 1.1483953059633054
0.99 1.1796714288186183
0.991 1.1895255252650179
0.992 1.1937380804262296
0.993 1.188169883824768
0.994 1.2074504745716563
0.995 1.2510549748368789
0.996 1.2718428798655295
0.997 1.2755728960037584
0.998 1.2515887188684114
0.999 1.2371499309971619
1.0 1.228635145111249
1.001 1.2549089301257195
1.002 1.2353977049326137
1.003 1.2417616725385279
1.004 1.2282838856311276
1.005 1.228300805280214
1.006 1.2414587705488
1.007 1.2314829099629747
1.008 1.2598340508264385
1.009 1.2791175587037642
1.01 1.28774051067144
1.011 1.328299350392344
1.012 1.2932831700753198
1.013 1.2663419025937506
1.014 1.260741169246845
1.015 1.1987240588734764
1.016 1.2036201604371923
1.017 1.2202154650933292
1.018 1.2029491237809458
1.019 1.2222526702786378
1.02 1.280376914534969
1.021 1.2934188926893606
1.022 1.2498880698224861
1.023 1.2300908203651406
1.024 1.2660815319292
1.025 1.267185778758821
1.026 1.2390253352277465
1.027 1.225424005559725
1.028 1.2289171049732843
1.029 1.252715271276405
1.03 1.273110879929413
1.031 1.2781409939069803
1.032 1.2594081688140235
1.033 1.2634041894876018
1.034 1.2881002097035328
1.035 1.3182778877184764
1.036 1.3187604424930326
1.037 1.3308268121651525
1.038 1.3413064948402411
1.039 1.2980793187387478
1.04 1.303161981894253
1.041 1.3202030201331256
1.042 1.3623161830239314
1.043 1.3229646596537088
1.044 1.2980086305701308
1.045 1.2817874123455077
1.046 1.2592196635221882
1.047 1.2690589742666962
1.048 1.2566760424695251
1.049 1.2509870896374662
1.05 1.2423242812195747
1.051 1.2493218330927935
1.052 1.2609299042188542
1.053 1.2386013298283733
1.054 1.2522251663692654
1.055 1.2501033780712658
1.056 1.2715247502417817
1.057 1.243855791683367
1.058 1.2491576204733819
1.059 1.208461884344177
1.06 1.2306815912142783
1.061 1.2225508734270507
1.062 1.254616048465452
1.063 1.2516016685711349
1.064 1.2604383484576
1.065 1.2562641964755574
1.066 1.2270349325351715
1.067 1.2627441161011081
1.068 1.2731363739648873
1.069 1.265825463281349
1.07 1.2589023590567219
1.071 1.2678650725300984
1.072 1.2593286810309203
1.073 1.249480441299371
1.074 1.2225893720489354
1.075 1.178226513450541
1.076 1.1719530853179367
1.077 1.1861949405215737
1.078 1.2382075367436782
1.079 1.2640097968272974
1.08 1.2436157242116062
1.081 1.2098075616111803
1.082 1.2460452116467888
1.083 1.253094438572697
1.084 1.2825123203959214
1.085 1.3125972746147279
1.086 1.2920568076860162
1.087 1.277960391403378
1.088 1.2982426694416904
1.089 1.2941822286019817
1.09 1.315248222237495
1.091 1.3208154888458197
1.092 1.3244102071750927
1.093 1.3093608847481613
1.094 1.3050708086528193
1.095 1.3383031292288297
1.096 1.267792816810654
1.097 1.2709416104207107
1.098 1.2979273134222313
1.099 1.3097275158598998
1.1 1.3341739721722383
1.101 1.3534154177456723
1.102 1.3204546781590198
1.103 1.3165956284935056
1.104 1.342898189184908
1.105 1.3590478604682852
1.106 1.3087017084893986
1.107 1.303169102889061
1.108 1.3120966274369998
1.109 1.2964119453832441
1.11 1.3089199009878003
1.111 1.3038218570283777
1.112 1.2921181385691558
1.113 1.247707571246367
1.114 1.2494913176429145
1.115 1.2654503183542352
1.116 1.2958345581934434
1.117 1.3058950719544635
1.118 1.3224730428910756
1.119 1.335731303231084
1.12 1.3032801795018563
1.121 1.3611803233739979
1.122 1.3479291025101428
1.123 1.3321258051791365
1.124 1.3582225060195405
1.125 1.375221010245809
1.126 1.3667698537856106
1.127 1.3903741180472389
1.128 1.423202577686109
1.129 1.4180515834420138
1.13 1.4706490502187568
1.131 1.4727959351831592
1.132 1.4734553648537372
1.133 1.486199415474549
1.134 1.489915524354566
1.135 1.4704257740529114
1.136 1.4885460160478685
1.137 1.46087606820084
1.138 1.45219205446887
1.139 1.432390965180914
1.14 1.4414816353385094
1.141 1.4701191906911135
1.142 1.5275358879365664
1.143 1.5184000256914123
1.144 1.4887991943923726
1.145 1.5071572027578177
1.146 1.4833782128074833
1.147 1.4387372440130781
1.148 1.3820428883899107
1.149 1.4253653139114697
1.15 1.4199952710901742
1.151 1.4033054064675006
1.152 1.3791577969985156
1.153 1.3813579185652642
1.154 1.4102937940034788
1.155 1.4371845198483393
1.156 1.4529266355713992
1.157 1.469509322410712
1.158 1.4208314267160063
1.159 1.427514662949614
1.16 1.4547270232170801
1.161 1.4056084648694662
1.162 1.3487476180359028
1.163 1.3868128734657639
1.164 1.3833873671905221
1.165 1.3789057549193862
1.166 1.4015640064162305
1.167 1.450865691064782
1.168 1.4462281232026217
1.169 1.4314470343036734
1.17 1.4336991812460356
1.171 1.4311109582263066
1.172 1.4231733853910065
1.173 1.417698547576648
1.174 1.4074393339302311
1.175 1.3774319988387023
1.176 1.4158458254517798
1.177 1.4758902467321784
1.178 1.4438488044546274
1.179 1.4888245617639524
1.18 1.5336116858278235
1.181 1.4995692496792161
1.182 1.508578854256084
1.183 1.4601464708012506
1.184 1.458419962219436
1.185 1.526303602998439
1.186 1.5064494817785397
1.187 1.481538141233583
1.188 1.5141301236211895
1.189 1.5095824679005672
1.19 1.5242274642834812
1.191 1.5068149242135893
1.192 1.4876955734335517
1.193 1.4932897637707145
1.194 1.4951470061065764
1.195 1.4955204598694782
1.196 1.547226580338884
1.197 1.5567691637504377
1.198 1.552936164097865
1.199 1.521823925490789
1.2 1.4880870460242932
1.201 1.502105885192609
1.202 1.49572041760688
1.203 1.5099797121657403
1.204 1.513951292588742
1.205 1.5404236039882957
1.206 1.4926607403914636
1.207 1.4667145913471311
1.208 1.41987365418675
1.209 1.3949155702321858
1.21 1.393579273310643
1.211 1.3754274898986456
1.212 1.4015775392534664
1.213 1.4055998210927048
1.214 1.4397443128691447
1.215 1.4391998261457994
1.216 1.4145416734055893
1.217 1.4102199689091903
1.218 1.5068584465908692
1.219 1.4916731101434395
1.22 1.5020290785574777
1.221 1.5126965074187606
1.222 1.5508964925765911
1.223 1.5452986283958652
1.224 1.5758689413091447
1.225 1.5963362364128773
1.226 1.5537394180444686
1.227 1.5129119048398474
1.228 1.521818411532826
1.229 1.5335531117587378
1.23 1.485127891396162
1.231 1.4840723588547657
1.232 1.4867573499433764
1.233 1.448094180281349
1.234 1.4354807669092644
1.235 1.448602148541563
1.236 1.4378694230011895
1.237 1.442588593381578
1.238 1.4567040457041218
1.239 1.4865164956950987
1.24 1.4596313192139754
1.241 1.4688900530459286
1.242 1.4316696997400715
1.243 1.4450105464982137
1.244 1.4484407520681881
1.245 1.4713353856878872
1.246 1.456733083523002
1.247 1.487313144836801
1.248 1.4809167635266662
1.249 1.4598454849400997
1.25 1.479819810416046
1.251 1.46088263397674
1.252 1.4257902271419656
1.253 1.4036945893177921
1.254 1.4325730729191966
1.255 1.465557355451115
1.256 1.4364347507986512
1.257 1.4544557811115326
1.258 1.4422681309965846
1.259 1.4365948130327373
1.26 1.4153450567378882
1.261 1.4023292070407853
1.262 1.3761802751088892
1.263 1.4074828322961188
1.264 1.4199373228272052
1.265 1.4217731813823493
1.266 1.4467132038528085
1.267 1.4213524112063625
1.268 1.441906709209777
1.269 1.4476400771529114
1.27 1.465984902552702
1.271 1.4210952467755162
1.272 1.4585487380696287
1.273 1.460119512762438
1.274 1.4734668054331517
1.275 1.4803220106152903
1.276 1.4847528964127543
1.277 1.4772180321450918
1.278 1.48022740814622
1.279 1.4831764863586043
1.28 1.4804234228131419
1.281 1.422240916991457
1.282 1.4670198986993843
1.283 1.4361406154567902
1.284 1.4294970727006533
1.285 1.4207857967787414
1.286 1.4526493322091245
1.287 1.4499583300964387
1.288 1.4332623956088295
1.289 1.3926334472231499
1.29 1.4024889674807448
1.291 1.3666537392833842
1.292 1.400145298744929
1.293 1.403120192026177
1.294 1.3829896303860716
1.295 1.424824839218708
1.296 1.427733530817661
1.297 1.4211636550242104
1.298 1.4396373177751434
1.299 1.471011361616732
1.3 1.4866188271700742
1.301 1.5125780872723626
1.302 1.4860313555759888
1.303 1.4584896125069766
1.304 1.4729849498011471
1.305 1.4440150010738075
1.306 1.4432243894953884
1.307 1.4552973336357862
1.308 1.4449973826209401
1.309 1.4169927995326552
1.31 1.4116342515482825
1.311 1.401054199858917
1.312 1.4080067205082392
1.313 1.3516354866001208
1.314 1.3946046280560624
1.315 1.3624027599318995
1.316 1.368116333268543
1.317 1.3257826403573367
1.318 1.3083884599941997
1.319 1.2996710933088071
1.32 1.2715715674557058
1.321 1.2897013326247995
1.322 1.2942482406397724
1.323 1.3155741933123606
1.324 1.3419011477737208
1.325 1.3649913619761607
1.326 1.326533856666477
1.327 1.353804580482659
1.328 1.3515644838667826
1.329 1.3298814445070453
1.33 1.3209682660245983
1.331 1.3909381041436923
1.332 1.394948194874828
1.333 1.3886378984884495
1.334 1.3952360371833408
1.335 1.4108747384558111
1.336 1.419549165851572
1.337 1.4088498624290506
1.338 1.4129343811604553
1.339 1.3905773676131876
1.34 1.3910264559331655
1.341 1.4199431338108015
1.342 1.4149206752868944
1.343 1.4346494964226328
1.344 1.4194090607821894
1.345 1.4016140150877543
1.346 1.40863651604441
1.347 1.4362887392016632
1.348 1.4327152894521817
1.349 1.4405153076851687
1.35 1.4161111008181582
1.351 1.4056420287710045
1.352 1.3899335483373767
1.353 1.4019924623095317
1.354 1.4189361446672673
1.355 1.427779996550521
1.356 1.4215478271633064
1.357 1.4572540502406013
1.358 1.420134088902648
1.359 1.4017901483644164
1.36 1.370089286321855
1.361 1.3757330503885765
1.362 1.3917240693048338
1.363 1.4244326635927345
1.364 1.4309494121365283
1.365 1.4567925046947405
1.366 1.437852672027417
1.367 1.414068356315279
1.368 1.447676609052461
1.369 1.485607359605701
1.37 1.5040619636197081
1.371 1.4921842233756357
1.372 1.4644895689437731
1.373 1.4287120507220634
1.374 1.4065221539545598
1.375 1.3799225196059448
1.376 1.3144220586523776
1.377 1.3110322940534502
1.378 1.335561081914549
1.379 1.353652532896227
1.38 1.3418402755450718
1.381 1.352603855666163
1.382 1.4106976528914732
1.383 1.3985402695663172
1.384 1.3947109796225696
1.385 1.3937191699621583
1.386 1.3955875403103193
1.387 1.3006498722106876
1.388 1.3012152317169081
1.389 1.3275869787003434
1.39 1.3853470924920328
1.391 1.4268377479991017
1.392 1.4006569495539858
1.393 1.3890249899143954
1.394 1.371586058058115
1.395 1.333130962849386
1.396 1.367137933319338
1.397 1.3518792263028516
1.398 1.346496580232274
1.399 1.327789746804777
1.4 1.3311030384076075
1.401 1.332325158587948
1.402 1.3263891932615808
1.403 1.3303572043218355
1.404 1.3350351152067246
1.405 1.2885724778547334
1.406 1.2794043469335639
1.407 1.2644080566886733
1.408 1.2675940665089684
1.409 1.3060142221805124
1.41 1.3230651927529515
1.411 1.3708607768610608
1.412 1.3953848332409884
1.413 1.3708943016946373
1.414 1.364762425207666
1.415 1.2956207089239324
1.416 1.2931265248926973
1.417 1.2974110205500358
1.418 1.320633829130976
1.419 1.332788314885724
1.42 1.2839240707122286
1.421 1.285296700275172
1.422 1.3261063779693891
1.423 1.3483933872050982
1.424 1.3778875668818995
1.425 1.384298722971253
1.426 1.3795729398700398
1.427 1.3743086364225527
1.428 1.3835685881894129
1.429 1.3534559086951283
1.43 1.3567372338346224
1.431 1.3422052976102534
1.432 1.32284622855724
1.433 1.2991234642521414
1.434 1.3373207916621817
1.435 1.3399783288344016
1.436 1.3506880208789656
1.437 1.370704117943744
1.438 1.39298572857026
1.439 1.3960738808579731
1.44 1.3669824687745433
1.441 1.3647560845498525
1.442 1.3476984353465407
1.443 1.350231782785811
1.444 1.357841387478316
1.445 1.4154036585731171
1.446 1.4112270890587169
1.447 1.3590895708685786
1.448 1.3979569064127664
1.449 1.3818848524100955
1.45 1.4096495765346435
1.451 1.404633604714145
1.452 1.3660210802352415
1.453 1.3464916460822838
1.454 1.3310379958368193
1.455 1.35635423574434
1.456 1.3555821838539808
1.457 1.3498289528218597
1.458 1.3394336209645377
1.459 1.3358655616890118
1.46 1.3174081288638488
1.461 1.3508275995910386
1.462 1.3342273209515623
1.463 1.336025110036853
1.464 1.3230275540087344
1.465 1.3520641835353353
1.466 1.349428096123007
1.467 1.3323306767544698
1.468 1.3501907360949759
1.469 1.312318057837614
1.47 1.315689586489479
1.471 1.312381944818324
1.472 1.3285683765262883
1.473 1.3374203627031382
1.474 1.3246393422653575
1.475 1.3741629761275829
1.476 1.3715320518785428
1.477 1.3649907435807833
1.478 1.3929511198537818
1.479 1.3787474332547078
1.48 1.3806953773776482
1.481 1.3778959313401258
1.482 1.445785479868998
1.483 1.4371217252547301
1.484 1.4166371767746386
1.485 1.4328554515311687
1.486 1.4202619530009972
1.487 1.3903384299057133
1.488 1.3734835735068196
1.489 1.342055544687934
1.49 1.345218032916397
1.491 1.3759478283679805
1.492 1.3744749792303277
1.493 1.3885336391502392
1.494 1.378025173722654
1.495 1.352669420831833
1.496 1.3315687058009271
1.497 1.3368076662900743
1.498 1.3599670494866756
1.499 1.354562214432534
1.5 1.3769198811124026
1.501 1.3924574964302787
1.502 1.3410895986830647
1.503 1.3971622876821752
1.504 1.3650168344557982
1.505 1.3171503755998397
1.506 1.314064986442282
1.507 1.322018349698497
1.508 1.3021106389433659
1.509 1.2807685316492416
1.51 1.2361908982656473
1.511 1.2214037410843175
1.512 1.2576495586652852
1.513 1.2613360065882566
1.514 1.22967454179438
1.515 1.228522451513638
1.516 1.2535841055093935
1.517 1.245201012728255
1.518 1.2454692604871958
1.519 1.2778056901420272
1.52 1.288629440082242
1.521 1.2851964799230342
1.522 1.2982631765373356
1.523 1.279516173988195
1.524 1.2793988562187462
1.525 1.2476108142015054
1.526 1.2349938838999064
1.527 1.2668946592128185
1.528 1.2688908308345836
1.529 1.2662982113041041
1.53 1.255862160198275
1.531 1.2394907670103086
1.532 1.2618100616622363
1.533 1.3084745470036512
1.534 1.2435308602494057
1.535 1.2336016661104172
1.536 1.2349732703302254
1.537 1.25055261976169
1.538 1.2567958504714845
1.539 1.2484130756785266
1.54 1.2712035492079408
1.541 1.2961002180627768
1.542 1.2727825674119617
1.543 1.2974249502524235
1.544 1.2875224464467128
1.545 1.2645526370776863
1.546 1.2765825022145643
1.547 1.2928434871273957
1.548 1.2982815865714001
1.549 1.2847500761844934
1.55 1.2751445890661388
1.551 1.2812760938124117
1.552 1.2500877505976986
1.553 1.283219629037296
1.554 1.300151911558521
1.555 1.2841965578089662
1.556 1.2949888799627844
1.557 1.3006409702216801
1.558 1.2903979979185003
1.559 1.263570425341279
1.56 1.2220949650772437
1.561 1.2605066947228165
1.562 1.225388794569308
1.563 1.2193101724670843
1.564 1.2131615364642827
1.565 1.22234600211244
1.566 1.2084132123527258
1.567 1.2322985044876
1.568 1.224298301995394
1.569 1.1877291230616307
1.57 1.2045005716592092
1.571 1.2512244930005607
1.572 1.2417736928867817
1.573 1.2200299919421265
1.574 1.2225326225710733
1.575 1.1838528691634227
1.576 1.2011803362528866
1.577 1.210909781132217
1.578 1.2435241558150163
1.579 1.217548626959593
1.58 1.2192578209766705
1.581 1.2217290582190115
1.582 1.231372211760628
1.583 1.238916781679128
1.584 1.2382251361453809
1.585 1.2386106427466363
1.586 1.2464202511281153
1.587 1.2252796393559537
1.588 1.2066687668644815
1.589 1.2279850331092237
1.59 1.2080849797205788
1.591 1.1949517912580168
1.592 1.1958774748475938
1.593 1.1835189627344427
1.594 1.1775978742982185
1.595 1.1836800402948324
1.596 1.1852020478616085
1.597 1.1702753638980703
1.598 1.2089390046156043
1.599 1.2273887890154065
1.6 1.2196743774442427
1.601 1.2156126505919223
1.602 1.1744405277708998
1.603 1.1634747380809014
1.604 1.1464976238893612
1.605 1.1640526956720083
1.606 1.1652202889945729
1.607 1.1840172838068659
1.608 1.2001511335488046
1.609 1.2040856733627672
1.61 1.2261011469704475
1.611 1.1923153779358653
1.612 1.2161136368432843
1.613 1.2376067601221865
1.614 1.2180948439070123
1.615 1.2131181434714273
1.616 1.2212687214711053
1.617 1.208033645970374
1.618 1.2411058760778713
1.619 1.2287954971495507
1.62 1.2352789631657939
1.621 1.1868414905216933
1.622 1.1815644909958776
1.623 1.1685935571853874
1.624 1.1622757671086248
1.625 1.1412491880008873
1.626 1.1375917972195104
1.627 1.1303266687518172
1.628 1.135608770411098
1.629 1.15051316164357
1.63 1.1389439746250585
1.631 1.1473042147587185
1.632 1.139254271387066
1.633 1.1440258147618148
1.634 1.15497997927837
1.635 1.1704051534633906
1.636 1.1469157326504027
1.637 1.1695055054123717
1.638 1.1633163996214702
1.639 1.1736735619829177
1.64 1.18234219566283
1.641 1.1616561156931704
1.642 1.1749954656904709
1.643 1.1781828038955744
1.644 1.1731387783710028
1.645 1.1820802460716697
1.646 1.1680007282661993
1.647 1.163521153731611
1.648 1.163621986682757
1.649 1.1495954420569034
1.65 1.1327127723081316
1.651 1.1011125083094384
1.652 1.1134288318279253
1.653 1.1148031220453591
1.654 1.101474754485298
1.655 1.0630841640213802
1.656 1.067871342804906
1.657 1.0696015845528144
1.658 1.0520129627215362
1.659 1.0292822120649734
1.66 1.0275787862673111
1.661 1.0078494350367333
1.662 1.0062557253278464
1.663 0.9937848992845894
1.664 0.9929525735305373
1.665 0.9946329464883505
1.666 0.9820458137277549
1.667 0.9682131394134147
1.668 0.9746563139835746
1.669 0.9776419167934036
1.67 0.9823757056521334
1.671 0.9981828849303317
1.672 1.0163191104490752
1.673 1.0193688882235126
1.674 1.017375493479481
1.675 1.017706132840336
1.676 1.0285924595924774
1.677 1.046281691612913
1.678 1.073046282987005
1.679 1.0590672404901091
1.68 1.0600706462288885
1.681 1.0812329172506487
1.682 1.0766959036328456
1.683 1.073706817883667
1.684 1.0918638712905053
1.685 1.0983609251862203
1.686 1.0824127197704405
1.687 1.0866778904615584
1.688 1.1013961110789416
1.689 1.1092775356888995
1.69 1.096023892439877
1.691 1.0916841622113485
1.692 1.087017063756952
1.693 1.0890832396549734
1.694 1.1030855149022722
1.695 1.1053942429767365
1.696 1.0601760668149292
1.697 1.0656063156550306
1.698 1.0637260482068178
1.699 1.0559272504683264
1.7 1.0586501010940408
1.701 1.0624984505585653
1.702 1.0794436988081002
1.703 1.0804768586358215
1.704 1.080779300839655
1.705 1.0722545203964364
1.706 1.081327816893984
1.707 1.108030493669571
1.708 1.0806073171136525
1.709 1.095400562155032
1.71 1.0792770777660392
1.711 1.089335505475239
1.712 1.0897707069271965
1.713 1.0362748592449782
1.714 1.0277284486631557
1.715 1.0301093498897462
1.716 1.00275574155483
1.717 1.0303671601963469
1.718 1.027080185560796
1.719 1.019285188397705
1.72 1.0200582567137033
1.721 1.0110139146806671
1.722 1.0139516135287514
1.723 1.033690405487354
1.724 1.012750359822157
1.725 1.0175745700670273
1.726 1.012247660289463
1.727 0.991044317889792
1.728 0.972548694912809
1.729 0.9824679595304585
1.73 0.9690968891834827
1.731 0.9687850796020161
1.732 0.9723397951686489
1.733 0.9793606749442874
1.734 0.9934046715693648
1.735 1.0091732686849515
1.736 1.0422681131832898
1.737 1.0731840106826558
1.738 1.0726782706770648
1.739 1.038179639794216
1.74 0.9998650198394775
1.741 1.0328371026128746
1.742 1.0351028580900004
1.743 1.0468938991922243
1.744 1.0555752282641693
1.745 1.0757274958000875
1.746 1.0564789910070873
1.747 1.0655210193002114
1.748 1.0751491905750734
1.749 1.0695884766002675
1.75 1.0845483008061627
1.751 1.0481414608247388
1.752 1.0317552678295954
1.753 1.0343589121729648
1.754 1.0287126149319168
1.755 1.0232008849439045
1.756 1.0414818565176525
1.757 1.024322511061766
1.758 1.0259981901887396
1.759 1.0451977468474056
1.76 1.0616425406446033
1.761 1.0591496384028571
1.762 1.0539675065339515
1.763 1.0242413758047768
1.764 1.0469660618365921
1.765 1.058615456239954
1.766 1.0546432459219486
1.767 1.0765411351528282
1.768 1.0693826537583282
1.769 1.0432783890615722
1.77 1.0254267631059388
1.771 1.0088465197175474
1.772 0.995532712833646
1.773 1.0014018517048038
1.774 1.0023078212424081
1.775 0.9899856028830787
1.776 0.959628717106907
1.777 0.9298074862628416
1.778 0.9442754707734834
1.779 0.9584562887173858
1.78 0.9868250067367356
1.781 1.035643540243356
1.782 1.03164548585461
1.783 1.0568538579816904
1.784 1.0659467593651428
1.785 1.0369755723934093
1.786 1.0411431469040686
1.787 1.063150517046915
1.788 1.0675439868768803
1.789 1.0171969954430473
1.79 1.0194628786995794
1.791 1.0195138472668086
1.792 1.0429333366641786
1.793 1.069337002353487
1.794 1.0562560836962915
1.795 1.0193374902121208
1.796 1.0357176748534074
1.797 1.0468901676060152
1.798 1.0853580784129617
1.799 1.0563969025467954
1.8 1.0697943758200728
1.801 1.0606587553677995
1.802 1.0483273726752271
1.803 1.041583453446702
1.804 1.0628296780625548
1.805 1.064001848163733
1.806 1.0332521569781252
1.807 1.0265951351391127
1.808 0.9981157360797739
1.809 1.0122193141580211
1.81 1.0246737373873023
1.811 1.0283741008904066
1.812 0.9922911946861712
1.813 1.0058403352860406
1.814 1.0069423700034206
1.815 1.0196906596205682
1.816 1.0263596186182364
1.817 1.023386689496758
1.818 1.0173882245067574
1.819 1.0265900478241483
1.82 0.9872597099960558
1.821 0.9728198362617586
1.822 0.9774451119858779
1.823 0.9525611466245003
1.824 0.9698996341726734
1.825 0.9799824911088201
1.826 0.9608341028509698
1.827 0.9839177369058607
1.828 0.999877855900119
1.829 1.0058874456404236
1.83 0.9847226279926065
1.831 1.016107039305069
1.832 1.00400349010687
1.833 1.0125331002342806
1.834 1.0320010639970991
1.835 0.9853463595955833
1.836 1.005147028061425
1.837 0.9856916697375923
1.838 0.996691887054132
1.839 0.9934780292970766
1.84 0.9938370479591493
1.841 0.9984880858266366
1.842 1.0032264570074492
1.843 1.0109230382228656
1.844 1.0229321844639336
1.845 1.01453068317222
1.846 0.9997414168021994
1.847 1.0009226370019004
1.848 0.9964437387775926
1.849 0.9822765474447734
1.85 0.9773036787249063
1.851 0.9496295841909647
1.852 0.9502065362482396
1.853 0.9380128574380725
1.854 0.9578816851177937
1.855 0.9815501968487433
1.856 0.9590010563703698
1.857 0.9513696290584976
1.858 0.9313382321844277
1.859 0.9141600263651493
1.86 0.9056326891118832
1.861 0.9047742182156676
1.862 0.8985390383977364
1.863 0.8989261344368854
1.864 0.9174454977211544
1.865 0.9207278931762385
1.866 0.9199402272467907
1.867 0.9204023943865407
1.868 0.934979854676668
1.869 0.9437410912085052
1.87 0.9362510625490681
1.871 0.9396839046899148
1.872 0.9136678105842201
1.873 0.9027792710382022
1.874 0.9032464189590933
1.875 0.9227732286416266
1.876 0.9232035215334452
1.877 0.9239464252576609
1.878 0.944882311034692
1.879 0.9555957913708587
1.88 0.9607277526158591
1.881 0.9592893161016149
1.882 0.9445135085019928
1.883 0.9419323993934218
1.884 0.9302913847635665
1.885 0.9677052280729574
1.886 0.9583274672117431
1.887 0.9850144254011782
1.888 0.9998489750113241
1.889 1.0151416754650058
1.89 1.0167793913388277
1.891 1.0203468997427576
1.892 1.012466480394686
1.893 1.0231120996056233
1.894 1.0320434567188712
1.895 1.0137054176908273
1.896 1.0216623729383916
1.897 1.0195951635784848
1.898 1.0106647183700908
1.899 0.9832605708294303
1.9 0.9945150280451504
1.901 1.0110588039541846
1.902 0.9931909780449298
1.903 0.9942570030371851
1.904 0.9978879080143096
1.905 0.9877986367594433
1.906 0.96412016754011
1.907 0.9617532158587371
1.908 0.945281748015161
1.909 0.948097951459821
1.91 0.960446238926025
1.911 0.961406231302007
1.912 0.9421021484860098
1.913 0.9395949270436097
1.914 0.9542973366647894
1.915 0.9718953480275946
1.916 0.9799708342555518
1.917 0.9660421824126026
1.918 0.9395187926885413
1.919 0.9347663911823008
1.92 0.9433667388826187
1.921 0.9344793483517321
1.922 0.9219669532909622
1.923 0.9193123639163062
1.924 0.9004463583385968
1.925 0.9242978317444462
1.926 0.9106762915857596
1.927 0.8980866121026126
1.928 0.910298025733187
1.929 0.908537159574248
1.93 0.9093531844640791
1.931 0.9098385369748776
1.932 0.9052704101296406
1.933 0.8949194143931736
1.934 0.8975052551591876
1.935 0.8945960277883606
1.936 0.8911880690260483
1.937 0.8865268533453738
1.938 0.8997668551083975
1.939 0.896574808498759
1.94 0.8996693819101637
1.941 0.8868570079122075
1.942 0.8820025526140811
1.943 0.9211522005108815
1.944 0.904639355523743
1.945 0.9034466618743966
1.946 0.9284481080168575
1.947 0.901282723448456
1.948 0.9008714997662146
1.949 0.9273070174630234
1.95 0.9433468529626571
1.951 0.927417426517269
1.952 0.927063323224465
1.953 0.9267892279995632
1.954 0.9232187627233762
1.955 0.9361555244785692
1.956 0.9217986962090686
1.957 0.9131574110007071
1.958 0.893303298614253
1.959 0.8952182361007632
1.96 0.8740848009772113
1.961 0.860642111245041
1.962 0.8622946665366772
1.963 0.8613112696843702
1.964 0.8635012723640606
1.965 0.8673530934537305
1.966 0.8793553668985664
1.967 0.903121489975603
1.968 0.9323690880081352
1.969 0.9398011077930747
1.97 0.9307138194158944
1.971 0.9231258165816238
1.972 0.9327799383134047
1.973 0.9253419025848466
1.974 0.9249268368816068
1.975 0.9176658584630395
1.976 0.9241277146466653
1.977 0.9240802505426123
1.978 0.9228974943240948
1.979 0.9409401150776845
1.98 0.9603111474334649
1.981 0.9552455823390043
1.982 0.9578399941374736
1.983 0.9597391253172459
1.984 0.9488659288000895
1.985 0.9682062778092101
1.986 0.9736959781480533
1.987 0.9618184745771023
1.988 0.9636322221855526
1.989 0.9837518780298362
1.99 0.98563333087091
1.991 0.9691609556252955
1.992 0.9595179631882513
1.993 0.9581655792515332
1.994 0.9607465388891474
1.995 0.9650514670685942
1.996 0.9576274036276049
1.997 0.9819025383217034
1.998 0.9825196195827821
1.999 0.9842601826056973
2.0 1.012105472922293
2.001 1.0104566233703072
2.002 0.987656527949205
2.003 0.9608854171061113
2.004 0.9530390571713722
2.005 0.9460051615209654
2.006 0.9206218060337463
2.007 0.9168195740829338
2.008 0.9238093521533877
2.009 0.9146874209713672
2.01 0.922928271628464
2.011 0.9227407551674909
2.012 0.9254095699624516
2.013 0.9374061628326905
2.014 0.9204779709364882
2.015 0.9162495633475317
2.016 0.9365910004064846
2.017 0.9297282428803183
2.018 0.9338802884121334
2.019 0.9263975069719488
2.02 0.9213490700800441
2.021 0.8951148271711414
2.022 0.8717579088000641
2.023 0.8618065059151361
2.024 0.8682592409703591
2.025 0.8612791027346283
2.026 0.8533415268923737
2.027 0.8600817156187053
2.028 0.8876175697332584
2.029 0.9189513737728946
2.03 0.9036778915756353
2.031 0.9090650971672262
2.032 0.9257940097785947
2.033 0.9231495482554358
2.034 0.9421591171845357
2.035 0.9516574269988268
2.036 0.9492312296205137
2.037 0.9183009868492221
2.038 0.9312156177380417
2.039 0.8993120503481681
2.04 0.8789633345076899
2.041 0.8496248796508524
2.042 0.8629432870557572
2.043 0.8483051381492389
2.044 0.842272816686494
2.045 0.8236633664376765
2.046 0.813476894136157
2.047 0.8105917990134083
2.048 0.8168147081314646
2.049 0.7991448946504739
2.05 0.7855151562683391
2.051 0.8101463368402524
2.052 0.8063124871443665
2.053 0.8129634058965634
2.054 0.8088691408083803
2.055 0.8158794334184234
2.056 0.8449537004722026
2.057 0.8891844015613252
2.058 0.8951426229586044
2.059 0.915632382822763
2.06 0.9201381783995621
2.061 0.9290818422812175
2.062 0.888089641864824
2.063 0.8991038142265242
2.064 0.9221251477273256
2.065 0.891141341389955
2.066 0.8822068512485369
2.067 0.8937455862453927
2.068 0.8669613633359633
2.069 0.8732815205062426
2.07 0.8924871447954418
2.071 0.8681296375043539
2.072 0.8419939569676551
2.073 0.824037178215574
2.074 0.7961740827292083
2.075 0.7928469212290964
2.076 0.8064248601659422
2.077 0.8119631134492026
2.078 0.8202789686170856
2.079 0.8194217045870942
2.08 0.8086075375024836
2.081 0.7918886761654186
2.082 0.8041652975418568
2.083 0.8091612685539487
2.084 0.7984121933028563
2.085 0.7993221284387385
2.086 0.8061019798300731
2.087 0.8153365331386753
2.088 0.8103315108765822
2.089 0.804292095423034
2.09 0.8074699880693667
2.091 0.8141454566523704
2.092 0.8085236822700034
2.093 0.8123337444063525
2.094 0.8330219010893521
2.095 0.8274659162065892
2.096 0.830759176446333
2.097 0.8137085725160377
2.098 0.8383007194797882
2.099 0.8380011516987864
2.1 0.8574562064412892
2.101 0.8632537000803733
2.102 0.8541827113801566
2.103 0.8657429756419621
2.104 0.8693632530434513
2.105 0.8714513842437299
2.106 0.8576304901083448
2.107 0.86757799626178
2.108 0.8508737365898876
2.109 0.8415019829675922
2.11 0.8290575555888604
2.111 0.8168639851786388
2.112 0.8049708166914823
2.113 0.8008349941316825
2.114 0.8008587673808325
2.115 0.7997040211067252
2.116 0.8464670780324126
2.117 0.8276526577213915
2.118 0.820855013197881
2.119 0.8334618177264761
2.12 0.8203974922771397
2.121 0.8103445472887494
2.122 0.8108012969269435
2.123 0.8239699905047432
2.124 0.8371067529626887
2.125 0.8430541229689467
2.126 0.8680685193756547
2.127 0.8569086152332178
2.128 0.869971128751167
2.129 0.8535229321425306
2.13 0.8592025387713301
2.131 0.8629163231985377
2.132 0.8584510622217529
2.133 0.8601586618471818
2.134 0.8639490308603368
2.135 0.879321437572263
2.136 0.8812667785481063
2.137 0.874314193082625
2.138 0.8878366582262234
2.139 0.8931843078516059
2.14 0.8718300952123119
2.141 0.880022327618113
2.142 0.907719661145713
2.143 0.8988974984466954
2.144 0.8994691705897461
2.145 0.8875161457362857
2.146 0.8586748369216531
2.147 0.845007034138772
2.148 0.8489572577969664
2.149 0.8592199932624147
2.15 0.8557337599193922
2.151 0.855229335713501
2.152 0.8606263163663888
2.153 0.851880324778655
2.154 0.841272249006291
2.155 0.8537830904525613
2.156 0.8424555365137486
2.157 0.8582633901878928
2.158 0.8659777851566859
2.159 0.8455920130645996
2.16 0.8217670138287513
2.161 0.838060966923382
2.162 0.84301319230028
2.163 0.8564848387551438
2.164 0.86884796722682
2.165 0.8563251661155294
2.166 0.8344477201521354
2.167 0.8281627173718715
2.168 0.8324285990405907
2.169 0.8337473833475091
2.17 0.8206624082568709
2.171 0.8570843419543531
2.172 0.882437866599355
2.173 0.8597761227026081
2.174 0.8854571508628396
2.175 0.8646253337386983
2.176 0.8709276902835691
2.177 0.8585615828740878
2.178 0.8549737968121185
2.179 0.8711666093044987
2.18 0.8451035801815734
2.181 0.8647916641420584
2.182 0.8462056130448194
2.183 0.8849371274640375
2.184 0.9118669619331338
2.185 0.9383194440101885
2.186 0.9013689483612533
2.187 0.8610976850952549
2.188 0.8580578496856655
2.189 0.8462018575635295
2.19 0.8657561504099849
2.191 0.8562055924994658
2.192 0.8322814594042784
2.193 0.8214430322635808
2.194 0.8017902274828459
2.195 0.8093252273136117
2.196 0.8012306322750553
2.197 0.8081858230284575
2.198 0.8181111384052695
2.199 0.8133579243998291
2.2 0.8313498638375
2.201 0.8444199172367546
2.202 0.8341809690706506
2.203 0.824012764784618
2.204 0.8321044677512277
2.205 0.8163637126398364
2.206 0.8168817918131667
2.207 0.8122398846579314
2.208 0.7914952221327576
2.209 0.8042479631563199
2.21 0.8175194489786723
2.211 0.8169511557226221
2.212 0.832915535110965
2.213 0.8081060821902963
2.214 0.8169076369653948
2.215 0.8405998189555921
2.216 0.810575792344899
2.217 0.8211680960074196
2.218 0.8476861138161845
2.219 0.8631073428254951
2.22 0.8523414699767536
2.221 0.8346401390578576
2.222 0.8314284186904956
2.223 0.8463175728145247
2.224 0.8331932574047795
2.225 0.8069362537366269
2.226 0.8038760737064629
2.227 0.8134419410589341
2.228 0.8192631363072478
2.229 0.8191567012345496
2.23 0.8283618814149796
2.231 0.8463783758749841
2.232 0.8279504266074077
2.233 0.8397131133553909
2.234 0.8750050620775236
2.235 0.8689210970441136
2.236 0.8582417203159322
2.237 0.855223696742107
2.238 0.854132167593139
2.239 0.8475854711399806
2.24 0.8591416313517715
2.241 0.8636135013693869
2.242 0.8506619763302887
2.243 0.8548273908462777
2.244 0.8482650352424447
2.245 0.8259531319545778
2.246 0.8192070976675165
2.247 0.8312140223089232
2.248 0.8264588453423994
2.249 0.8339948371327683
2.25 0.8514458591533361
2.251 0.8402094848978513
2.252 0.8859170722770637
2.253 0.892474937947276
2.254 0.8930673445520149
2.255 0.8834849984353738
2.256 0.8827629029340179
2.257 0.8782279539257691
2.258 0.8670256903725698
2.259 0.84101135094695
2.26 0.8319800036815256
2.261 0.8510104052145554
2.262 0.8815152535828213
2.263 0.8397141776349165
2.264 0.8339416255571722
2.265 0.851124571028075
2.266 0.8752652407273216
2.267 0.8561296666322508
2.268 0.8554683316212315
2.269 0.8474937243828424
2.27 0.8201207784777557
2.271 0.8183100536331661
2.272 0.8215290804241995
2.273 0.8261220592007253
2.274 0.8182351173952405
2.275 0.8309782689842288
2.276 0.8469317680235819
2.277 0.8767028200321718
2.278 0.8583203161722166
2.279 0.8739322392033467
2.28 0.8655198809499076
2.281 0.8471621082229593
2.282 0.843699411258281
2.283 0.8448275115375325
2.284 0.8424761319703306
2.285 0.8499657410808492
2.286 0.8346971532647229
2.287 0.8497712394834187
2.288 0.875682207030825
2.289 0.8941936968845433
2.29 0.8743323153094573
2.291 0.8671772488317027
2.292 0.8508426156380607
2.293 0.8388763002057713
2.294 0.8220130205403937
2.295 0.8211626428044921
2.296 0.8122633393843323
2.297 0.7960712499097047
2.298 0.8150395487357761
2.299 0.8120195210239137
2.3 0.8209254094692312
2.301 0.8261214467472863
2.302 0.8322540133471794
2.303 0.8355272054428596
2.304 0.8580276157774863
2.305 0.8598813221216474
2.306 0.8504009489228044
2.307 0.8593059301571354
2.308 0.8618253555984281
2.309 0.8627468512094563
2.31 0.8889137848177225
2.311 0.9179565114618916
2.312 0.9005440353188181
2.313 0.8978784377106618
2.314 0.8597059165861384
2.315 0.8980947702921986
2.316 0.8911273955414055
2.317 0.8982708149968904
2.318 0.894734604522966
2.319 0.9006534482450881
2.32 0.9244195108407047
2.321 0.9063417935018424
2.322 0.9120721941708441
2.323 0.8751380548846014
2.324 0.8979610366791496
2.325 0.8813505338767285
2.326 0.8540459449379904
2.327 0.8572663426678911
2.328 0.8741088359970074
2.329 0.8734806794790901
2.33 0.8896643954611286
2.331 0.8799330472398087
2.332 0.8863255500211271
2.333 0.8975030923862812
2.334 0.9191517812858501
2.335 0.8800814787664536
2.336 0.8818444579719903
2.337 0.8922750617120103
2.338 0.8554107323932743
2.339 0.8794147425833013
2.34 0.8720691833325102
2.341 0.8766880785556197
2.342 0.8633171012448481
2.343 0.8882414083459136
2.344 0.8782733242605802
2.345 0.8784833249862217
2.346 0.8849606461284294
2.347 0.8910384526530009
2.348 0.8583860085636194
2.349 0.8491335605426827
2.35 0.8592605281126453
2.351 0.8641995109815921
2.352 0.8885277499801072
2.353 0.8669909260532245
2.354 0.8422977513200376
2.355 0.8481940010207314
2.356 0.8694129279086389
2.357 0.8714519996833429
2.358 0.8647097650153717
2.359 0.8713723725569862
2.36 0.8688938189960985
2.361 0.8624546606431852
2.362 0.8532027881948846
2.363 0.8753510449204157
2.364 0.8820938583102366
2.365 0.8792035464556532
2.366 0.8808621338949415
2.367 0.875382159266684
2.368 0.8679220283053762
2.369 0.8664190043118427
2.37 0.84890012055775
2.371 0.8496844787842007
2.372 0.8650044662760177
2.373 0.8791786786413741
2.374 0.8738429431409381
2.375 0.8645755020890504
2.376 0.8673731966014043
2.377 0.8630151390886373
2.378 0.8612608237369921
2.379 0.8591634940507964
2.38 0.8648037277435934
2.381 0.8541156795586514
2.382 0.8677558371664513
2.383 0.8803160070539227
2.384 0.8842946093399087
2.385 0.8951098387735975
2.386 0.9159329795369808
2.387 0.9027847476917635
2.388 0.9073583863130638
2.389 0.9177156123102601
2.39 0.9153492495527629
2.391 0.9228829298491613
2.392 0.9087485114504187
2.393 0.9059074481465831
2.394 0.8763336917513305
2.395 0.8852630600724976
2.396 0.8934875293917729
2.397 0.8875438478201568
2.398 0.885057913457224
2.399 0.8783495903178817
2.4 0.891476160837544
2.401 0.8307317367989623
2.402 0.8034092002309884
2.403 0.8292775724035688
2.404 0.8407792653979191
2.405 0.85610458533123
2.406 0.8593070254516071
2.407 0.8573441121376577
2.408 0.8902305821986362
2.409 0.8685907892753608
2.41 0.8718486068849329
2.411 0.9160390835218742
2.412 0.9146949392829511
2.413 0.9094445167744643
2.414 0.9232956368356536
2.415 0.9150278844385717
2.416 0.9118701364529672
2.417 0.9142864824056487
2.418 0.9017296731504072
2.419 0.8793332555085285
2.42 0.9090053042485245
2.421 0.9147717240303863
2.422 0.8954512643591438
2.423 0.8902612354456997
2.424 0.9073019653354236
2.425 0.9339963170476066
2.426 0.9215768778471473
2.427 0.9153432144595126
2.428 0.9336582927592512
2.429 0.9086757680386837
2.43 0.9168546396394175
2.431 0.914176302379907
2.432 0.9124615111117886
2.433 0.9056124297406559
2.434 0.9181730859228209
2.435 0.9348772113854074
2.436 0.9326506185755283
2.437 0.9181305350612806
2.438 0.923987729332847
2.439 0.901536520602395
2.44 0.9296829225863159
2.441 0.9145431328879988
2.442 0.9215027868293092
2.443 0.9204417806723326
2.444 0.9500950688224392
2.445 0.9201872950773468
2.446 0.9160722808341892
2.447 0.9187090303439025
2.448 0.9157191831333686
2.449 0.9177310612607852
2.45 0.9245877682308778
2.451 0.9319223569250839
2.452 0.9216050255883088
2.453 0.9472534320267362
2.454 0.9469734354611256
2.455 0.9521782978028607
2.456 0.9488838814634355
2.457 0.9343825876562015
2.458 0.9226007295837635
2.459 0.9442638664248122
2.46 0.9056737414925259
2.461 0.8878834656654416
2.462 0.8699943132994943
2.463 0.8606071101043099
2.464 0.8690876412310999
2.465 0.8683277906012403
2.466 0.8630465407208656
2.467 0.8720064417134852
2.468 0.899082653500537
2.469 0.8856742190614275
2.47 0.8817348374953479
2.471 0.873428357127311
2.472 0.8894429393081771
2.473 0.8680815357945717
2.474 0.8663724469186213
2.475 0.8662634861139805
2.476 0.8506306135610319
2.477 0.8292921049675068
2.478 0.8512880409018289
2.479 0.8493109452747061
2.48 0.8491312778167712
2.481 0.8604564915599044
2.482 0.8734285340994588
2.483 0.8854732268882689
2.484 0.8627249532189809
2.485 0.8639077282535643
2.486 0.8907716408445353
2.487 0.8827776350536627
2.488 0.8733162929455022
2.489 0.8661082705358406
2.49 0.8691013391602453
2.491 0.872387295597101
2.492 0.8883113034578977
2.493 0.8758869314643309
2.494 0.893205177169989
2.495 0.8976897969084608
2.496 0.8851854973546125
2.497 0.9047665201473428
2.498 0.8966861782282238
2.499 0.8878812469283853
2.5 0.9037131597861788
2.501 0.9058435171977028
2.502 0.940028853344623
2.503 0.9257775393582619
2.504 0.9425668345179882
2.505 0.933724465973648
2.506 0.9294844342527513
2.507 0.9312311443021332
2.508 0.9316166796969602
2.509 0.922281476497322
2.51 0.9169384582280633
2.511 0.9186275410860639
2.512 0.9153526226047736
2.513 0.9281069970892339
2.514 0.9512234828790664
2.515 0.9589146032637026
2.516 0.9543511567220495
2.517 0.940759340093631
2.518 0.9395590756772949
2.519 0.9420442707996927
2.52 0.9735557682103878
2.521 0.9698886345498424
2.522 0.9530160451720241
2.523 0.9202115065798324
2.524 0.9312775850907655
2.525 0.9442704192380544
2.526 0.925212435476622
2.527 0.9292184112542051
2.528 0.9297542567421105
2.529 0.9231783611380762
2.53 0.9561645298704377
2.531 0.9520258743332557
2.532 0.9509880174224347
2.533 0.919221515630779
2.534 0.9249818854252839
2.535 0.9443011993004577
2.536 0.9495467153474496
2.537 0.9654017523043237
2.538 0.9394891094478243
2.539 0.946511990526437
2.54 0.9457893100877792
2.541 0.9598458987844539
2.542 0.9478027901953178
2.543 0.9547378564723505
2.544 0.9681502956274908
2.545 0.985609898379515
2.546 1.008091828829284
2.547 0.9946772843434267
2.548 0.9899336523791678
2.549 1.0026195992071112
2.55 0.9601042760393061
2.551 0.9713127605229339
2.552 0.9584302255278919
2.553 0.9493605951860606
2.554 0.9489583328489529
2.555 0.9681484056713487
2.556 0.9825400507805441
2.557 0.9622788052265148
2.558 0.9669560392939561
2.559 0.9439953002191662
2.56 0.9244348074240202
2.561 0.9117608153416717
2.562 0.9005542985126884
2.563 0.9122598400509946
2.564 0.916356708922067
2.565 0.9104203367120208
2.566 0.9166259730987515
2.567 0.903309050577007
2.568 0.8980088259312461
2.569 0.9134889351524091
2.57 0.891835334561874
2.571 0.9198415189153712
2.572 0.939603669240745
2.573 0.9572696751232715
2.574 0.972883832149231
2.575 0.9553254887729884
2.576 0.9613142308102609
2.577 0.9721846885477018
2.578 0.9806513894812143
2.579 0.9716146481675402
2.58 0.9642034072251537
2.581 0.9744263923134725
2.582 0.9789219137823094
2.583 0.9926402793584647
2.584 1.0062466031171566
2.585 1.0124920120522596
2.586 1.0291420476601019
2.587 1.05054115890881
2.588 1.044536676687092
2.589 1.0431958717345813
2.59 1.0312313796769086
2.591 1.0174106053697163
2.592 1.0050250029004424
2.593 0.9887551679603149
2.594 1.0276994610487746
2.595 1.0402765309624187
2.596 1.0247952781298542
2.597 1.0142132021143668
2.598 1.0108280850929505
2.599 1.0100911013392346
2.6 1.0138346114476033
2.601 1.023881920398745
2.602 1.0160560754317258
2.603 1.0329028882081286
2.604 1.0247579978113805
2.605 1.0194525146394235
2.606 1.006390342494349
2.607 1.0211886978784954
2.608 1.0054644261184602
2.609 1.0521983111764521
2.61 1.0411348779176244
2.611 1.05603945168271
2.612 1.0419339792306463
2.613 1.057340361193666
2.614 1.056859894437711
2.615 1.0626165669969223
2.616 1.0489614836871448
2.617 1.0489035079373508
2.618 1.0392965248906665
2.619 1.0308831877948588
2.62 1.0207400575432821
2.621 0.996625649126044
2.622 0.9745915801999947
2.623 0.9835906758429117
2.624 0.9936054726277996
2.625 0.9964033191941328
2.626 1.0019818308268216
2.627 0.9924513105327036
2.628 0.9971548580537033
2.629 1.016558077613281
2.63 1.0119793829501509
2.631 0.9978021704456818
2.632 0.9968601704806158
2.633 1.000318120342439
2.634 1.001297078018259
2.635 1.009487749531169
2.636 1.0032702921050611
2.637 1.0133778583098731
2.638 0.9886521062593048
2.639 1.0162945816085582
2.64 1.01035462843035
2.641 0.9892037186726185
2.642 0.9777017075513664
2.643 0.9863054329916087
2.644 0.9888881273844468
2.645 0.966168495507467
2.646 0.9570233824810123
2.647 0.9621592145464212
2.648 0.9633786477348842
2.649 0.9667111372083654
2.65 0.9840539571961345
2.651 1.008505638285107
2.652 1.011119995886119
2.653 1.0310545519832521
2.654 1.0269293410215836
2.655 1.0280357069543515
2.656 1.020930324682708
2.657 1.0245156499657202
2.658 1.036207465662791
2.659 1.0469112082372791
2.66 1.0483317245732588
2.661 1.0556885789913697
2.662 1.0617212849412911
2.663 1.0727312550521821
2.664 1.0617465635957868
2.665 1.0800964218783222
2.666 1.1015424132511804
2.667 1.1017559658085927
2.668 1.0860247028957724
2.669 1.0702909639070923
2.67 1.081336101892607
2.671 1.0804422189810343
2.672 1.0960133642309584
2.673 1.0858872507264454
2.674 1.0718768252339326
2.675 1.0550388498351384
2.676 1.0600798963489082
2.677 1.036959049087092
2.678 1.0436289893223758
2.679 1.0517830480110961
2.68 1.0393755403575622
2.681 1.0252636738220018
2.682 1.015237855981475
2.683 1.0089129291327867
2.684 1.0143310747426895
2.685 1.0477378921556344
2.686 1.0677148898654039
2.687 1.0680952182147465
2.688 1.065818855091927
2.689 1.0771627448580834
2.69 1.0571421709414555
2.691 1.06440207286992
2.692 1.0681921706610298
2.693 1.0848859477038308
2.694 1.1026641531023706
2.695 1.0798409130884796
2.696 1.0769665657408531
2.697 1.0520882734635002
2.698 1.0705153456906584
2.699 1.0417699299658654
2.7 1.001782598878111
2.701 1.016032410406002
2.702 1.0153229932676853
2.703 1.0328050936350528
2.704 1.0387214161454843
2.705 1.0381188142705562
2.706 1.0205770531528757
2.707 1.0228238980343414
2.708 1.0158234017226366
2.709 1.057097175623081
2.71 1.0481653219569749
2.711 1.048361332164476
2.712 1.035647516472666
2.713 1.0281055165097328
2.714 1.0308555868962435
2.715 1.041026686781821
2.716 1.0127967688935746
2.717 1.0076394557467767
2.718 1.009314549585861
2.719 1.0259878574350854
2.72 0.9988697268308137
2.721 0.9872826706684737
2.722 1.0249306277249894
2.723 1.0267563948175404
2.724 1.0338907546698612
2.725 1.0192578624997475
2.726 1.0290812432992438
2.727 1.0543583888933572
2.728 1.0644837636339208
2.729 1.048834169878885
2.73 1.0531793291946905
2.731 1.093223093677874
2.732 1.1280778783961618
2.733 1.0976306315359685
2.734 1.0758064650768162
2.735 1.0812779099154788
2.736 1.071418844952079
2.737 1.0376386277681082
2.738 1.0453623391678315
2.739 1.0175515182531334
2.74 1.025326156038556
2.741 1.0439384857187757
2.742 1.0631430677038225
2.743 1.0907893371169963
2.744 1.1008573996429962
2.745 1.0990171964016602
2.746 1.1161810413491184
2.747 1.0980815579278864
2.748 1.0962441368631042
2.749 1.0738775880828062
2.75 1.0468093475978402
2.751 1.0411210421029422
2.752 1.0481666845658228
2.753 1.0652887308084285
2.754 1.0574734315979495
2.755 1.0691183006266833
2.756 1.1134328427467177
2.757 1.0908208487024535
2.758 1.0705058231369153
2.759 1.0452462437539307
2.76 1.0810681437813439
2.761 1.0892401663472915
2.762 1.0714607620999983
2.763 1.1158113771890907
2.764 1.135475768149947
2.765 1.1649497571100198
2.766 1.169572412609779
2.767 1.1757497044891685
2.768 1.1468273017259691
2.769 1.1207977681185892
2.77 1.115496272165517
2.771 1.0698773622941142
2.772 1.066269352364092
2.773 1.0704704820076085
2.774 1.0714575137117408
2.775 1.0727912306911562
2.776 1.0761152461632402
2.777 1.0735786185259697
2.778 1.051383267855206
2.779 1.0642207774295567
2.78 1.0938156822625122
2.781 1.0687067662572822
2.782 1.0887482521094711
2.783 1.1251132685597611
2.784 1.1011447927865297
2.785 1.1163372037006616
2.786 1.1169454296038608
2.787 1.1221199668764894
2.788 1.1073671503309022
2.789 1.1047872480438423
2.79 1.1269607898865495
2.791 1.1192179735900856
2.792 1.1228692269695122
2.793 1.1248989295651521
2.794 1.1222210169559155
2.795 1.1328811335715687
2.796 1.1135005890014338
2.797 1.0985624751947118
2.798 1.0936255990701151
2.799 1.1050091995409808
2.8 1.1283617516942677
2.801 1.1170660004098276
2.802 1.1174733784024453
2.803 1.130059719436884
2.804 1.1491532502511017
2.805 1.1395855840063343
2.806 1.0984554000687914
2.807 1.1113830518643668
2.808 1.1033617571591645
2.809 1.098863049223412
2.81 1.043759808213202
2.811 1.0873070074080171
2.812 1.1281823285183044
2.813 1.097886519244656
2.814 1.1479624659763505
2.815 1.146790406886987
2.816 1.210219961252826
2.817 1.1973135994412853
2.818 1.2198289296706082
2.819 1.208659678627339
2.82 1.273085898227427
2.821 1.2669337334698476
2.822 1.241872152471069
2.823 1.2434106531259268
2.824 1.213077105940258
2.825 1.1885513255746392
2.826 1.2122146935691496
2.827 1.1957563294253206
2.828 1.2077487109417806
2.829 1.1982944758677596
2.83 1.158958025437738
2.831 1.121486356813034
2.832 1.1187166086797957
2.833 1.1186951815006434
2.834 1.1177621144662486
2.835 1.1084620983948703
2.836 1.1101427957017564
2.837 1.0912691544741306
2.838 1.0879675524998336
2.839 1.0744923491860103
2.84 1.1000198800811951
2.841 1.1301205869485487
2.842 1.1416202815485774
2.843 1.139625420555139
2.844 1.172265080250443
2.845 1.189630609786708
2.846 1.1638929521933112
2.847 1.1639601458185114
2.848 1.1672617228890743
2.849 1.1857075726204527
2.85 1.182301435064643
2.851 1.18946988915363
2.852 1.198213155064579
2.853 1.2124381201439725
2.854 1.1794777933527223
2.855 1.1636118513115363
2.856 1.1684785532172086
2.857 1.1320615961549452
2.858 1.1121756355809282
2.859 1.0924410129198079
2.86 1.1083036354627893
2.861 1.1252474781995707
2.862 1.1534418631679981
2.863 1.1684830463872302
2.864 1.1802582227841767
2.865 1.137014435474877
2.866 1.1237968679870713
2.867 1.1479213001632556
2.868 1.190027750297958
2.869 1.2005704850217613
2.87 1.192836007342107
2.871 1.2029521196916824
2.872 1.2368103951448226
2.873 1.2142940644922473
2.874 1.2239901125026822
2.875 1.210504698016278
2.876 1.1987589289018556
2.877 1.201060053080764
2.878 1.2066236024550514
2.879 1.2247006061473662
2.88 1.258309828815083
2.881 1.2458652350364647
2.882 1.1898453617291125
2.883 1.208651024849527
2.884 1.1945326177802553
2.885 1.1775664052339383
2.886 1.1788406794900468
2.887 1.1744553344509896
2.888 1.172301752464762
2.889 1.1528839377377476
2.89 1.1557768093841714
2.891 1.1675118995630605
2.892 1.1743075654516544
2.893 1.199529889075508
2.894 1.170104876259467
2.895 1.1625565155033808
2.896 1.191483533822469
2.897 1.176413721372339
2.898 1.1995996750249591
2.899 1.1793749789602894
2.9 1.1615238816571452
2.901 1.1385892063161243
2.902 1.134737888652463
2.903 1.1349091840655965
2.904 1.1252444240507338
2.905 1.098119299459637
2.906 1.1067974545786867
2.907 1.0661044530512127
2.908 1.0474660414517305
2.909 1.0943365387450532
2.91 1.0776360663590772
2.911 1.108222612628715
2.912 1.125928054076716
2.913 1.121545182314673
2.914 1.1053043852406002
2.915 1.105470766553073
2.916 1.0816201160406316
2.917 1.105411584286271
2.918 1.1217157902644288
2.919 1.1069401484482848
2.92 1.1233918663256546
2.921 1.109146614854891
2.922 1.144941379892549
2.923 1.155068695688896
2.924 1.1327170086694947
2.925 1.1329493002918989
2.926 1.1023580474241734
2.927 1.077889381216043
2.928 1.0920962488399308
2.929 1.0959550615956033
2.93 1.1150955748717657
2.931 1.1059473633045724
2.932 1.0829592750913986
2.933 1.0748109015661211
2.934 1.0881665107533947
2.935 1.080602031003534
2.936 1.0795425635320344
2.937 1.1058764990901655
2.938 1.1092782587049654
2.939 1.0953032549097939
2.94 1.0904025151051044
2.941 1.1124365349632082
2.942 1.1306249901007992
2.943 1.1275884640440843
2.944 1.0960718746080678
2.945 1.1315190303097034
2.946 1.1279343410005949
2.947 1.119867937445731
2.948 1.1297160329876623
2.949 1.1511457349445666
2.95 1.1434352253048594
2.951 1.1281689005182778
2.952 1.1480590853177748
2.953 1.1425732106176043
2.954 1.1438283470659136
2.955 1.124651295490211
2.956 1.128743743998229
2.957 1.1549174988422821
2.958 1.1672500468232676
2.959 1.1767288944058192
2.96 1.1866482817428161
2.961 1.1893002118926252
2.962 1.1714723241987808
2.963 1.1456400998101333
2.964 1.1633551260630244
2.965 1.1758497029195707
2.966 1.1614044416615064
2.967 1.1741110425611454
2.968 1.142409084215591
2.969 1.1372036595121486
2.97 1.174489676928694
2.971 1.1608941816496532
2.972 1.1771986616493757
2.973 1.1893956731027278
2.974 1.1930509152454067
2.975 1.1699504506440253
2.976 1.1692027270933787
2.977 1.188279115960411
2.978 1.1974044527305014
2.979 1.1394776723077624
2.98 1.1068945455747679
2.981 1.0752551106373207
2.982 1.0917557297338372
2.983 1.0935732034313732
2.984 1.0933693239362332
2.985 1.091712663063517
2.986 1.0860695058922003
2.987 1.1324047111281017
2.988 1.1209923425067
2.989 1.1032855461601043
2.99 1.124053131595001
2.991 1.155807946865756
2.992 1.1551539008414766
2.993 1.140964822128331
2.994 1.128787685914323
2.995 1.1206107661036748
2.996 1.0962975800195132
2.997 1.0599301318316532
2.998 1.0499488090032776
2.999 1.0628409845328546
3.0 1.041263032671278
